3 10 960
 1   -1.119   -0.206    0.097   -1.325    1.053    1.134   -0.884    1.637   -0.863    1.728
 1   -1.194   -0.736   -0.742   -1.407    1.024    1.153   -0.905    1.359   -0.848    1.398
 1   -1.262   -0.490   -0.543   -1.036    1.182    1.060   -0.918    1.474   -0.964    1.478
 1   -0.653    1.546    0.992   -0.367    1.007    1.136   -0.888    1.366   -0.954    1.400
 1   -0.759    0.775   -0.792    0.328    0.943    1.056   -0.966    1.033   -0.898    1.003
 1   -1.029   -0.524   -0.776   -1.247    1.040    1.195   -0.888    1.981   -0.868    1.961
 1   -1.217   -0.896   -0.676   -0.803    1.156    1.374   -0.860    1.553   -0.697    1.609
 1   -0.948    0.199   -0.560   -0.768    1.020    1.084   -0.838    1.269   -0.777    1.345
 1   -1.096   -0.038   -0.502   -0.385    1.221    1.434   -0.828    1.563   -0.730    1.630
 1   -0.883    0.281   -0.215   -0.323    1.132    1.320   -0.811    1.524   -0.739    1.547
 1    0.001    1.038    0.606    0.102    0.832    0.536   -0.831   -0.850   -0.781   -0.806
 1   -0.493    1.862    0.124   -0.057    1.009    1.052   -0.795    0.080   -0.687   -0.262
 1   -0.960   -0.589   -0.432   -0.452    1.038    1.276   -0.830    1.520   -0.699    1.495
 1   -0.517   -0.010    0.459   -0.687    0.950    1.086   -0.799    1.459   -0.793    1.460
 1   -0.237    1.980    0.831   -0.457    0.747    0.588   -0.814   -0.850   -0.783   -0.806
 1    0.167    1.879    2.325   -0.234    0.778    0.316   -0.718   -0.850   -0.771   -0.806
 1    0.085    3.124    0.916    0.110    0.930    0.733   -0.748   -0.234   -0.836   -0.304
 1   -0.733    1.530   -0.070   -0.149    1.063    1.222   -0.779    1.398   -0.997    1.431
 1   -0.809    0.778    0.177   -1.067    0.976    1.099   -0.872    1.269   -0.972    1.286
 1   -0.416    1.805   -0.104    0.313    0.953    1.117   -0.664    1.249   -0.870    1.273
 1    0.325    3.937    2.867    0.263    0.359   -0.769   -0.496   -0.850   -0.221   -0.806
 1   -0.681    0.345    0.007   -0.182    0.998    1.053   -0.706    1.524   -0.624    1.611
 1   -0.581    1.760    0.792   -0.485    0.975    1.074   -0.735    1.594   -0.619    1.648
 1   -0.360    1.944    0.230    0.443    0.977    1.140   -0.657    1.268   -0.796    1.315
 1    0.080    1.398    1.310    1.091    0.892    0.827   -0.502    0.714   -0.786    0.245
 1   -1.043   -0.613   -0.796   -0.364    1.120    1.373   -0.829    1.458   -0.765    1.531
 1   -1.245   -0.476   -0.730   -0.733    1.138    1.322   -0.858    1.464   -0.764    1.469
 1   -0.665    0.508   -0.241    0.249    1.096    1.254   -0.732    1.393   -0.781    1.487
 1   -0.942    0.090   -0.408   -0.384    1.126    1.270   -0.794    1.481   -0.773    1.465
 1   -1.252   -0.960   -0.648   -1.390    1.074    1.205   -0.897    1.503   -0.799    1.515
 1   -1.163   -0.416   -0.162   -1.140    1.090    1.218   -0.889    1.582   -0.716    1.547
 1   -1.229   -0.982   -0.930   -0.775    1.054    1.075   -0.950    1.348   -0.879    1.284
 1   -1.249   -0.948   -0.861   -1.172    1.075    1.206   -0.929    1.424   -0.882    1.479
 1   -1.119   -0.858   -0.650   -1.268    1.097    1.110   -0.903    1.471   -0.870    1.504
 1   -1.277   -0.637   -0.695   -1.138    1.144    1.293   -0.912    1.575   -0.863    1.597
 1   -1.210   -0.410   -0.367   -1.143    1.096    1.310   -0.904    1.586   -0.871    1.553
 1   -1.092   -0.416   -0.327   -1.057    1.029    1.156   -0.939    1.407   -0.875    1.431
 1   -1.144   -0.782   -0.292   -1.004    1.035    1.130   -0.931    1.403   -0.884    1.426
 1   -1.149   -0.403   -0.105   -1.012    1.104    1.190   -0.932    1.377   -0.891    1.406
 1   -1.234   -0.433   -0.602   -0.516    1.086    1.482   -0.910    1.535   -0.885    1.558
 1   -1.332   -0.666   -0.677   -1.226    1.143    1.265   -0.935    1.519   -0.910    1.457
 1   -1.324   -0.495   -0.563   -1.329    1.202    1.248   -0.912    1.519   -0.901    1.515
 1   -1.095   -0.369   -0.437   -1.245    1.120    1.265   -0.875    1.584   -0.860    1.601
 1   -1.057   -0.803   -0.568   -0.630    1.092    1.347   -0.893    1.524   -0.869    1.521
 1   -1.102   -0.809   -0.702   -0.562    1.098    1.379   -0.897    1.477   -0.869    1.489
 1   -1.259   -0.579   -0.635   -0.571    1.238    1.428   -0.862    1.525   -0.846    1.531
 1   -1.279   -0.358   -0.631   -1.132    1.213    1.386   -0.883    1.423   -0.868    1.440
 1   -1.137   -0.495   -0.317   -1.152    1.068    1.232   -0.926    1.525   -0.877    1.547
 2    0.882    1.352    2.284    1.988   -1.269   -1.140    1.347   -0.850    1.094   -0.806
 2    1.207    0.710    0.633    0.008   -0.837   -1.140    0.255   -0.850    0.202   -0.806
 2    1.184    0.384    0.910    0.218   -0.877   -1.140    0.012   -0.850    0.026   -0.806
 2    1.223    0.507    0.668    0.241   -0.765   -1.120    0.259   -0.850    0.185   -0.806
 2    1.381    2.469    3.271    1.183   -0.941   -1.140    0.185   -0.850    0.091   -0.711
 1   -1.072    0.072   -0.103   -0.500    1.096    1.096   -0.961    1.354   -0.857    1.295
 2    1.144    2.375    3.073    1.517   -0.901   -1.140    1.524   -0.440    1.094   -0.226
 2    1.378    2.150    3.322   -0.028   -0.473   -1.067    0.182   -0.528   -0.008   -0.414
 1   -1.237   -0.001   -0.236   -0.448    1.075    1.091   -0.972    1.291   -0.888    1.208
 1   -1.217   -0.493   -0.489   -0.676    1.103    1.130   -0.952    1.448   -0.900    1.563
 2    1.081    0.811    2.996    0.782   -0.678   -0.954    0.225   -0.205    0.114   -0.263
 2    1.245    1.553    3.133   -0.376   -0.375   -0.849   -0.319   -0.450   -0.364   -0.421
 2    1.118    1.074    2.574   -0.020   -0.206   -0.813    0.175   -0.195    0.035   -0.377
 2    0.869    1.176    2.900    0.807   -0.509   -0.717    0.062   -0.419    0.071   -0.675
 2    0.494    1.121    2.557    1.202    0.031    0.037    0.970   -0.621    1.007   -0.806
 3    1.415    3.748    3.942    0.899   -0.852   -1.140    0.553   -0.850    0.241   -0.806
 3    0.768    3.096    3.156    2.135   -1.417   -1.140    2.192   -0.850    1.632   -0.806
 3    1.237    1.374    0.352    0.216   -1.275   -1.140    0.143   -0.850   -0.024   -0.806
 3    1.156    3.199    3.290    0.662   -1.143   -1.140    0.387   -0.850    0.302   -0.806
 3    0.823   -0.170   -0.816    0.895   -1.417   -1.140    0.819   -0.850    0.992   -0.806
 3    0.923    0.817    0.617    0.418   -1.417   -1.140    0.397   -0.850    0.508   -0.806
 3    1.149    3.022    2.558    0.015   -1.275   -1.140    0.100   -0.850    0.050   -0.806
 3    1.088    0.752   -0.641    1.659   -1.417   -1.140    0.998   -0.850    0.955   -0.806
 3    1.197    1.186   -0.246    1.172   -1.417   -1.140    0.859   -0.850    0.844   -0.806
 3    1.385    1.025   -0.321    0.980   -1.292   -1.140    0.393   -0.850    0.387   -0.806
 3    1.735    0.547   -0.656    0.510   -0.956   -1.140   -0.213   -0.850   -0.265   -0.806
 3    1.800   -0.318   -0.671    0.187   -0.704   -1.140   -0.259   -0.850   -0.350   -0.806
 3    1.147   -0.032   -0.843    2.020   -1.417   -1.140    1.708   -0.850    1.291   -0.806
 3    1.654    0.846   -0.476    1.279   -1.417   -1.140    0.249   -0.850   -0.003   -0.806
 3    1.746    0.892   -0.635    1.336   -1.417   -1.140    0.291   -0.850   -0.003   -0.806
 3    1.643   -0.381   -0.450    1.627   -1.417   -1.140    0.772   -0.850    0.354   -0.806
 3    1.506    0.125   -0.462    1.761   -1.417   -1.140    0.769   -0.850    0.436   -0.806
 3    1.338    0.385   -0.648    1.948   -1.417   -1.140    1.153   -0.850    0.822   -0.806
 3    0.924    0.317   -0.547    2.265   -1.417   -1.140    3.390   -0.850    2.890   -0.806
 3    0.488   -0.591   -0.794   -0.114   -1.417   -1.140    0.165   -0.850    0.203   -0.806
 3    0.543   -0.455   -0.687   -0.093   -1.417   -1.140   -0.048   -0.850    0.013   -0.806
 3    0.548   -0.426   -0.241    0.095   -1.279   -1.140   -0.343   -0.850   -0.190   -0.806
 3    0.500   -0.019   -0.328    0.360   -1.220   -1.140   -0.592   -0.850   -0.319   -0.806
 3    0.512   -0.888   -0.776   -0.024   -1.417   -1.140   -0.238   -0.850    0.050   -0.806
 3    0.552   -0.964   -0.863   -0.134   -1.417   -1.140   -0.163   -0.850    0.111   -0.806
 3    0.568   -1.058   -0.956   -0.224   -1.417   -1.140   -0.101   -0.850    0.145   -0.806
 3    0.645   -0.423   -0.873   -0.223   -1.417   -1.140    0.094   -0.850    0.258   -0.806
 3    0.743   -0.293   -0.818   -0.129   -1.417   -1.140    0.186   -0.850    0.293   -0.806
 3    0.870   -0.319   -0.802   -0.026   -1.417   -1.140    0.038   -0.850    0.133   -0.806
 3    1.109   -0.190   -0.672    0.410   -1.417   -1.140   -0.270   -0.850   -0.141   -0.806
 3    1.095   -0.892   -0.804    0.397   -1.417   -1.140   -0.219   -0.850   -0.078   -0.806
 3    1.059   -0.883   -0.798    0.317   -1.417   -1.140   -0.109   -0.850    0.040   -0.806
 3    1.024   -0.909   -0.638    0.243   -1.417   -1.140   -0.077   -0.850    0.089   -0.806
 3    1.008   -0.514   -0.639    0.197   -1.417   -1.140   -0.037   -0.850    0.127   -0.806
 3    1.028   -0.649   -0.699    0.201   -1.417   -1.140   -0.109   -0.850    0.027   -0.806
 3    1.046   -0.586   -0.663    0.217   -1.417   -1.140   -0.064   -0.850    0.005   -0.806
 3    0.986   -0.630   -0.910    0.238   -1.417   -1.140    0.136   -0.850    0.169   -0.806
 3    0.927   -0.483   -0.910    0.253   -1.417   -1.140    0.257   -0.850    0.270   -0.806
 3    0.824   -0.745   -0.840    0.112   -1.417   -1.140   -0.135   -0.850    0.056   -0.806
 1   -1.036    0.232   -0.013   -0.579    1.176    1.336   -0.794    1.720   -0.732    1.686
 1   -0.810    0.181    0.115   -0.346    1.080    1.188   -0.778    1.393   -0.797    1.395
 1   -0.236    0.023    1.004    0.353    0.801    0.416   -0.862   -0.850   -0.812   -0.806
 1   -0.185    1.251    0.538   -0.629    0.934    0.688   -0.716   -0.850   -0.802   -0.806
 1   -1.070   -0.395   -0.520   -1.256    1.105    1.127   -0.878   -0.575   -0.853   -0.806
 1   -1.154   -0.774   -0.137   -1.057    1.058    1.158   -0.931    0.386   -0.869   -0.262
 1   -1.085    0.498    0.309    0.097    1.197    1.350   -0.813    1.442   -0.797    1.521
 1   -1.040    1.082    0.067   -0.965    1.097    1.102   -0.898   -0.850   -0.852   -0.806
 1   -0.663    0.180    0.301   -0.308    1.070    1.202   -0.794    1.395   -0.875    1.413
 1   -0.498    1.908   -0.440   -0.181    0.881    1.135   -0.861    0.920   -0.815    0.906
 1   -0.656    0.670    0.506   -0.592    0.916    0.899   -0.816   -0.850   -0.783   -0.806
 1   -1.063   -0.015   -0.257   -0.984    1.101    1.173   -0.940   -0.596   -0.847   -0.635
 1   -0.948    1.105   -0.251   -0.264    1.133    1.356   -0.814    1.660   -0.927    1.716
 1   -0.825   -0.250    0.330   -0.816    1.070    1.252   -0.818    1.468   -0.828    1.518
 1   -0.712    0.349   -0.051   -0.648    0.953    0.722   -0.847   -0.738   -0.800   -0.806
 1   -0.771    0.724    0.538   -0.351    1.032    1.091   -0.901   -0.471   -0.852   -0.516
 1   -1.005    0.166    0.108   -0.321    1.108    1.323   -0.823    1.600   -0.963    1.627
 1   -0.932   -0.224   -0.358   -0.571    1.102    1.276   -0.832    1.373   -0.794    1.412
 1   -0.731   -0.866   -0.673   -0.519    1.037    1.197   -0.806    1.349   -0.826    1.416
 1   -0.915   -0.695   -0.814   -1.141    1.072    1.156   -0.858    1.375   -0.755    1.447
 3    0.292    0.909    1.159    1.310   -1.323   -1.140    1.313   -0.850    1.319   -0.806
 3    1.094    0.936   -0.733   -0.059   -1.325   -1.140   -0.127   -0.850   -0.244   -0.806
 3    0.995    3.310    2.868    0.480   -1.372   -1.140    0.183   -0.850   -0.024   -0.806
 3    0.249    0.302    1.040    2.234   -1.417   -1.140    4.578   -0.850    3.907   -0.806
 3    0.813    2.308    2.329    0.900   -1.247   -1.140    1.383   -0.850    1.057   -0.806
 3    1.038    0.923    1.176    0.705   -0.663   -1.140    0.320   -0.850    0.092   -0.806
 3    1.055    1.120    3.142    1.388   -1.114   -1.140    0.821   -0.850    0.548   -0.806
 3    0.971    0.234    0.553    0.619   -1.109   -1.140    1.225   -0.850    0.922   -0.806
 3    0.916    0.684    1.115    1.125   -1.335   -1.140    0.404   -0.850    0.323   -0.806
 3    1.012    0.579    0.630    1.103   -1.296   -1.140    1.564   -0.850    1.085   -0.806
 3    0.946    1.503    1.602    1.660   -1.417   -1.140    0.628   -0.850    0.452   -0.806
 3    0.959    0.587    0.608    1.802   -1.417   -1.140    3.768   -0.850    2.797   -0.806
 1   -0.495    0.853   -0.368   -0.968    1.013    0.926   -0.832   -0.652   -0.878   -0.806
 3    1.409    2.990    2.113    0.523   -0.852   -1.140    0.387   -0.850    0.009   -0.806
 3    1.143    1.640    2.573    0.572   -1.045   -1.140    0.141   -0.850   -0.095   -0.806
 3    1.140    1.213    1.445    1.023   -1.048   -1.140    1.485   -0.850    0.779   -0.806
 3    1.274    0.965    1.010    0.426   -0.781   -1.140    0.484   -0.850    0.151   -0.806
 3    1.021    1.460    2.045    1.886   -1.134   -1.140    1.145   -0.850    0.610   -0.806
 3    1.151    1.120    1.035    1.122   -0.993   -1.140    1.146   -0.850    0.695   -0.806
 3    1.152    1.485    1.094    0.935   -0.972   -1.140    0.196   -0.850    0.005   -0.806
 3    1.221    0.619    0.971    0.569   -0.755   -1.140    0.695   -0.850    0.258   -0.806
 1   -1.257    0.504   -0.431   -0.751    1.100    1.128   -0.939   -0.850   -0.863   -0.806
 1   -1.278    0.103   -0.483   -1.108    1.036    1.325   -0.934    1.514   -1.226    1.463
 1   -0.060    1.351    1.821    1.174    0.739    0.394   -0.881   -0.850   -0.878   -0.806
 1   -1.181   -0.586    0.647   -1.094    1.158    1.331   -0.861    1.653   -0.773    1.685
 1   -1.003   -0.264   -0.110   -0.939    1.107    1.240   -0.837    1.370   -0.777    1.467
 1   -1.044   -0.359    0.082   -0.958    1.052    1.200   -0.864    1.309   -0.784    1.365
 1   -1.229   -0.587   -0.211   -1.315    1.120    1.233   -0.884    1.396   -0.787    1.388
 1   -1.271   -0.643   -0.723   -1.518    1.088    1.239   -0.903    1.325   -0.786    1.370
 1   -1.294   -0.743   -0.560   -1.452    1.139    1.252   -0.906    1.437   -0.787    1.406
 1    1.131    1.897    2.964    0.746    0.074   -0.704   -0.624   -0.850   -0.663   -0.806
 1   -1.325   -0.902   -0.688   -1.276    1.139    1.306   -0.905    1.426   -0.783    1.442
 1   -1.247   -0.924   -0.592   -1.036    1.120    1.330   -0.876    1.379   -0.780    1.419
 1   -1.124   -0.651   -0.375   -1.262    1.075    1.190   -0.913    1.419   -0.848    1.511
 1   -1.142   -0.791   -0.428   -1.347    1.068    1.190   -0.915    1.491   -0.803    1.440
 1   -0.889   -0.352   -0.612   -1.255    0.949    1.101   -0.864    1.491   -0.686    1.454
 1   -0.937   -0.046   -0.683   -0.961    1.000    1.161   -0.846    1.415   -0.678    1.471
 1   -1.292   -0.487   -0.833   -1.405    1.173    1.244   -0.914    1.484   -0.752    1.473
 1   -1.242   -0.811   -0.538   -1.067    1.215    1.327   -0.903    1.458   -0.697    1.509
 1   -1.239   -0.839   -0.446   -0.849    1.253    1.403   -0.857    1.561   -0.682    1.613
 1   -1.028   -0.225   -0.305   -1.002    1.126    1.243   -0.850    1.616   -0.671    1.560
 1   -1.089   -0.031   -0.479   -1.104    1.093    1.213   -0.879    1.521   -0.676    1.578
 1   -1.251   -0.729   -0.793   -1.036    1.028    1.083   -0.935    1.375   -0.758    1.421
 1   -1.279   -0.366   -0.355   -1.128    1.154    1.308   -0.888    1.566   -0.869    1.586
 1   -1.097   -0.459   -0.631   -0.729    0.886    1.065   -0.954    1.420   -0.901    1.553
 1   -1.273   -0.424   -0.405   -1.380    1.181    1.295   -0.885    1.508   -0.857    1.515
 1   -1.264   -0.454   -0.604   -1.145    1.100    1.239   -0.935    1.383   -0.878    1.434
 1   -1.284   -0.813   -0.506   -1.487    1.099    1.262   -0.921    1.452   -0.876    1.503
 1   -1.331   -0.914   -0.144   -1.408    1.099    1.231   -0.925    1.490   -0.889    1.529
 1   -1.350   -0.597   -0.209   -1.477    1.197    1.356   -0.895    1.607   -0.906    1.652
 1   -1.311   -0.843   -0.855   -1.130    1.181    1.288   -0.890    1.419   -0.899    1.566
 1   -1.069   -0.672   -0.243   -0.821    1.084    0.995   -0.895   -0.337   -0.844   -0.372
 1   -1.172   -0.304   -0.441   -1.296    1.119    1.288   -0.884    1.618   -0.907    1.631
 1   -1.144   -0.399   -0.207   -1.476    1.012    1.211   -0.891    1.552   -0.916    1.566
 1   -1.240   -0.762   -0.396   -1.139    1.073    1.104   -0.923   -0.324   -0.878   -0.361
 1   -1.231    0.086   -0.581   -1.252    1.062    1.146   -0.932    1.383   -0.971    1.415
 1   -0.981   -0.892   -0.262   -1.017    1.069    0.967   -0.877   -0.350   -0.847   -0.314
 2    0.110   -0.285    0.423   -0.787    0.586    0.127   -0.448   -0.511   -0.413   -0.644
 1   -1.201   -0.757   -0.336   -0.646    1.113    1.050   -0.937   -0.064   -0.889   -0.168
 1   -0.938   -0.427   -0.174   -0.990    0.975    0.993   -0.910   -0.275   -0.867   -0.321
 1   -0.953   -0.496   -0.420   -0.934    0.965    0.948   -0.903   -0.317   -0.854   -0.378
 2    0.018   -0.182    0.415   -0.758    0.507    0.009   -0.415   -0.578   -0.325   -0.565
 1   -0.802   -0.152   -0.044   -1.267    0.950    0.986   -0.865   -0.300   -0.863   -0.329
 1   -1.094   -0.330   -0.106   -0.958    1.044    1.145   -0.921   -0.229   -0.867   -0.256
 2    0.160    0.387    1.913    0.033    0.242    0.123   -0.240   -0.576   -0.233   -0.568
 2   -0.018    0.007    1.558    0.338    0.521    0.417   -0.170   -0.532   -0.128   -0.582
 2    0.297    0.587    1.440   -0.589    0.494    0.240   -0.352   -0.478   -0.352   -0.592
 2    0.204   -0.030    1.622   -0.134    0.279    0.166   -0.368   -0.507   -0.373   -0.621
 2    0.092    0.236    1.335   -0.148    0.459    0.389   -0.259   -0.532   -0.222   -0.606
 2    0.170    0.369    1.512   -0.240    0.395    0.280   -0.420   -0.470   -0.415   -0.630
 2   -0.379   -0.219    1.330   -0.161    0.657    0.492   -0.442   -0.599   -0.222   -0.690
 2   -0.328   -0.186    1.012   -0.421    0.541    0.282   -0.380   -0.812   -0.110   -0.806
 2   -0.162   -0.210    0.482    0.129    0.589    0.258   -0.157   -0.850   -0.116   -0.806
 2    0.218    0.329    0.881    0.443    0.134   -0.037   -0.008   -0.850   -0.061   -0.806
 2    0.227   -0.113    0.218   -0.226    0.112   -0.111   -0.369   -0.711   -0.334   -0.745
 2    0.218   -0.057    0.119   -0.020    0.206   -0.006   -0.240   -0.666   -0.268   -0.739
 2   -0.504    0.346    0.393   -0.738    0.596    0.508   -0.495    0.198   -0.225    0.060
 2   -0.243    0.889    0.993   -0.046    0.856    0.511   -0.266    0.186    0.000    0.014
 2    0.104    1.376    1.446   -0.409    0.368    0.220   -0.356    0.005   -0.241   -0.063
 2    0.437    1.684    1.813   -0.421    0.413    0.013   -0.324   -0.014   -0.291   -0.159
 2    0.231    1.821    1.945    0.265    0.482    0.200   -0.136    0.094   -0.051    0.041
 2    0.575    1.935    2.149   -0.099    0.344    0.164   -0.290   -0.052   -0.312   -0.094
 2    0.281    2.077    2.070    0.941    0.373    0.370   -0.132    0.038   -0.146   -0.094
 2    0.626    2.722    2.899    0.209    0.515    0.157   -0.226    0.052   -0.257   -0.112
 2    0.216    1.349    1.523    1.007    0.561    0.407   -0.038    0.100    0.003   -0.022
 3    1.459   -0.911   -0.838    1.307   -0.884   -1.140    0.730   -0.850    0.333   -0.806
 3    1.507   -0.772   -0.834    1.378   -0.890   -1.140    0.641   -0.850    0.228   -0.806
 3    1.560   -0.601   -0.835    1.447   -0.959   -1.140    0.659   -0.850    0.211   -0.806
 3    1.576   -0.348   -0.817    1.531   -1.004   -1.140    0.653   -0.850    0.201   -0.806
 3    1.534   -0.229   -0.790    1.667   -1.053   -1.140    0.743   -0.850    0.294   -0.806
 3    1.449   -0.454   -0.577    1.818   -1.078   -1.140    1.051   -0.850    0.570   -0.806
 3    1.312   -0.539   -0.721    1.983   -1.352   -1.140    1.320   -0.850    0.897   -0.806
 3    1.292   -1.097   -0.907    1.964   -1.417   -1.140    1.392   -0.850    1.032   -0.806
 3    1.274   -1.015   -0.839    1.924   -1.417   -1.140    1.259   -0.850    0.969   -0.806
 3    1.169   -0.645   -0.685    1.854   -1.417   -1.140    1.265   -0.850    1.002   -0.806
 3    1.099   -0.708   -0.673    1.901   -1.417   -1.140    1.564   -0.850    1.280   -0.806
 3    1.038   -0.758   -0.701    2.058   -1.417   -1.140    1.824   -0.850    1.544   -0.806
 3    0.986   -0.745   -0.757    2.263   -1.417   -1.140    2.375   -0.850    2.080   -0.806
 3    0.929   -0.600   -0.876    2.398   -1.417   -1.140    3.494   -0.850    3.130   -0.806
 3    0.995    3.783    2.177    1.091   -1.307   -1.140    0.623   -0.850    0.383   -0.806
 3    1.297    0.316   -0.756    1.098   -1.186   -1.140    0.529   -0.850    0.281   -0.806
 3    1.402   -0.359   -0.868    1.093   -1.078   -1.140    0.524   -0.850    0.223   -0.806
 3    1.456   -0.627   -0.924    1.094   -1.060   -1.140    0.427   -0.850    0.107   -0.806
 3    1.498   -0.849   -0.816    1.169   -1.060   -1.140    0.481   -0.850    0.124   -0.806
 3    1.545   -0.820   -0.845    1.307   -1.064   -1.140    0.634   -0.850    0.199   -0.806
 3    1.582   -0.888   -0.870    1.373   -1.040   -1.140    0.647   -0.850    0.196   -0.806
 3    1.598   -0.804   -0.770    1.322   -1.027   -1.140    0.574   -0.850    0.157   -0.806
 3    1.596   -0.454   -0.805    1.262   -1.078   -1.140    0.399   -0.850    0.049   -0.806
 3    1.588   -0.704   -0.790    1.330   -1.149   -1.140    0.511   -0.850    0.110   -0.806
 3    1.569   -0.944   -0.946    1.500   -1.247   -1.140    0.692   -0.850    0.212   -0.806
 3    1.534   -0.878   -0.982    1.659   -1.337   -1.140    0.871   -0.850    0.325   -0.806
 3    1.409   -0.643   -0.910    1.674   -1.417   -1.140    1.026   -0.850    0.465   -0.806
 3    1.315   -0.527   -0.842    1.523   -1.389   -1.140    0.893   -0.850    0.421   -0.806
 3    1.237   -0.358   -0.805    1.329   -1.304   -1.140    0.848   -0.850    0.425   -0.806
 3    1.211   -0.660   -0.460    1.190   -1.225   -1.140    0.769   -0.850    0.371   -0.806
 3    1.222   -0.356   -0.499    1.168   -1.237   -1.140    0.625   -0.850    0.258   -0.806
 2   -0.020    0.373    1.723    0.115    0.279   -0.131    0.031   -0.850    0.403   -0.806
 2    0.303    0.408    1.605   -0.385    0.333   -0.075   -0.221   -0.833   -0.103   -0.806
 2   -0.274    1.218   -0.076   -0.024    0.486    0.528   -0.376   -0.168   -0.080   -0.597
 2    0.452    0.432    2.067    0.134    0.019   -0.535    0.126   -0.850    0.130   -0.806
 2    0.339    0.946    2.033    0.141    0.215   -0.171   -0.030   -0.850   -0.032   -0.806
 1   -1.136   -0.604   -0.687   -1.231    1.072    1.172   -0.914    1.486   -1.226    1.508
 2   -0.547    0.747   -0.339   -0.222    0.502    0.517   -0.424    0.205    0.074    0.143
 2    0.027    0.391    0.139    0.180    0.433    0.346   -0.194   -0.814   -0.196   -0.806
 2   -0.333    0.447   -0.268   -0.149    0.497    0.359   -0.167   -0.243    0.187   -0.246
 2   -0.541    1.421    0.695   -0.302    0.727    0.712   -0.569    0.060   -0.398   -0.083
 2   -0.230   -0.155   -0.380   -0.145    0.252    0.071   -0.061   -0.506    0.383   -0.610
 1   -1.304   -0.893   -0.629   -1.519    1.139    1.257   -0.913    1.395   -0.862    1.381
 2    0.098    1.549    1.730    0.666    0.303   -0.102    0.194   -0.490    0.287   -0.493
 2    0.396    1.802    2.089    0.224    0.259   -0.113   -0.055   -0.564   -0.025   -0.557
 2    0.520    0.043    1.342   -0.064    0.337   -0.152   -0.261   -0.579   -0.306   -0.590
 1   -1.286   -0.896   -0.485   -1.468    1.133    1.246   -0.905    1.467   -0.867    1.459
 2    0.330    0.078    0.898    0.385    0.394    0.016   -0.014   -0.546   -0.008   -0.521
 1   -1.228   -0.650   -0.570   -1.420    1.101    1.264   -0.907    1.421   -0.875    1.489
 1   -1.220   -0.757   -0.235   -1.499    1.064    1.223   -0.908    1.371   -0.877    1.415
 1   -1.250   -0.887   -0.223   -1.461    1.082    1.205   -0.910    1.404   -0.863    1.386
 2    0.519    2.455    2.672    0.180    0.190   -0.047   -0.094   -0.555   -0.090   -0.594
 1   -1.220   -0.763    0.133   -1.508    1.158    1.276   -0.889    1.485   -0.854    1.482
 2    0.117    1.320    1.552    0.734    0.189    0.007    0.088   -0.560    0.209   -0.621
 1   -1.219   -0.537   -0.247   -1.420    1.133    1.234   -0.896    1.497   -0.866    1.524
 2    0.317    1.572    1.800    0.513    0.198   -0.160    0.056   -0.513    0.032   -0.582
 1   -1.244   -0.637   -0.390   -1.465    1.133    1.227   -0.903    1.431   -0.859    1.476
 1   -1.213   -0.669   -0.523   -1.478    1.082    1.222   -0.908    1.350   -0.864    1.395
 2    0.420    1.656    1.839    0.229    0.279   -0.105   -0.034   -0.645   -0.105   -0.636
 1   -1.164   -0.526   -0.628   -1.387    1.045    1.187   -0.910    1.352   -0.870    1.420
 1   -1.212   -0.608   -0.757   -1.356    1.120    1.269   -0.891    1.383   -0.851    1.499
 1   -1.288   -0.474   -0.651   -1.191    1.085    1.192   -0.936    1.388   -0.863    1.438
 1   -1.200   -0.513   -0.515   -1.262    1.108    1.276   -0.900    1.629   -0.856    1.684
 1   -1.086   -0.062   -0.045   -1.107    1.016    1.204   -0.923    1.530   -0.874    1.590
 1   -1.230   -0.058   -0.342   -1.083    1.181    1.305   -0.912    1.559   -0.846    1.564
 2    0.504    1.841    2.038   -0.349    0.294   -0.113   -0.220   -0.578   -0.286   -0.649
 2    0.374    1.673    1.794    0.012    0.279   -0.074   -0.141   -0.551   -0.211   -0.602
 2   -0.106    0.785    0.905   -0.714    0.469    0.321   -0.491   -0.104   -0.366   -0.198
 2    0.087    1.314    1.372   -1.105    0.352    0.147   -0.563   -0.166   -0.496   -0.238
 1   -1.309   -0.690   -0.513   -1.502    1.102    1.252   -0.936    1.365   -0.874    1.410
 1   -1.256   -0.345   -0.626   -1.058    1.046    1.199   -0.946    1.497   -0.865    1.542
 1   -1.251   -0.637   -0.191   -1.295    1.057    1.192   -0.932    1.532   -0.846    1.594
 1   -1.276   -0.638   -0.389   -0.950    1.159    1.363   -0.886    1.527   -0.849    1.632
 1   -1.303   -0.672   -0.403   -1.050    1.192    1.351   -0.877    1.478   -0.847    1.572
 1   -1.279   -0.937   -0.619   -1.506    1.120    1.263   -0.909    1.539   -0.877    1.590
 1   -1.220   -0.852   -0.880   -0.803    1.194    1.446   -0.856    1.719   -0.789    1.678
 2   -0.012    1.604    1.823   -0.668    0.523    0.324   -0.444   -0.050   -0.393   -0.195
 1   -1.274   -0.590   -0.719   -1.287    1.108    1.270   -0.905    1.617   -0.876    1.689
 2   -0.130    1.373    1.450   -0.388    0.566    0.429   -0.394    0.011   -0.328   -0.096
 2   -0.211    0.790    0.844   -0.190    0.639    0.543   -0.317    0.137   -0.222   -0.122
 2   -0.278    0.394    0.511    0.099    0.561    0.564   -0.315    0.059   -0.191   -0.092
 1   -1.222   -0.760   -0.695   -0.878    1.082    1.176   -0.956    1.384   -0.873    1.418
 2   -0.249   -0.115   -0.186    0.057    0.555    0.606   -0.234   -0.064   -0.067   -0.222
 1   -1.262   -0.077   -0.203   -1.151    1.203    1.367   -0.879    1.910   -0.698    2.007
 2   -0.401   -0.304   -0.621   -0.057    0.630    0.652   -0.328   -0.121   -0.043   -0.328
 2   -0.068   -0.451   -0.362   -0.113    0.573    0.580   -0.279   -0.064   -0.170   -0.244
 2   -0.222   -0.513   -0.418    0.096    0.596    0.636   -0.183   -0.024   -0.019   -0.198
 2   -0.292   -0.516   -0.513    0.223    0.583    0.661   -0.187   -0.023    0.053   -0.122
 2    0.050    0.202    0.069    0.239    0.555    0.422   -0.196   -0.064   -0.092   -0.192
 2   -0.080    0.316    0.975    0.323    0.524    0.457   -0.275   -0.029   -0.075   -0.179
 2   -0.381    0.012    0.822    0.091    0.561    0.532   -0.342   -0.082   -0.009   -0.190
 1   -1.262   -0.169   -0.564   -1.381    1.083    1.226   -0.920    1.538   -0.868    1.512
 1   -1.124   -0.545   -0.359   -0.887    1.033    1.123   -0.930    1.412   -0.879    1.475
 1   -1.168   -0.801   -0.733   -1.289    1.094    1.267   -0.920    1.538   -0.830    1.537
 1   -1.158   -0.508   -0.590   -0.978    1.099    1.292   -0.892    1.659   -0.852    1.792
 1   -1.075   -0.037    0.034   -1.250    1.038    1.168   -0.908    1.658   -0.868    1.754
 1   -1.207    0.222   -0.636   -1.279    1.132    1.222   -0.894    1.489   -0.849    1.455
 1   -1.212   -0.459   -0.696   -1.293    1.115    1.204   -0.913    1.488   -0.863    1.476
 1   -1.239   -0.583   -0.298   -0.571    1.282    1.463   -0.873    1.519   -0.884    1.579
 1   -1.185   -0.559   -0.679   -1.145    1.001    1.256   -0.915    1.438   -0.895    1.432
 1   -1.134   -0.664   -0.389   -1.037    1.049    1.329   -0.895    1.493   -0.888    1.465
 2   -0.018   -0.033    1.565    0.325   -0.067   -0.393    0.249   -0.530    0.896   -0.341
 1   -1.273   -0.711   -0.655   -1.221    1.071    1.267   -0.930    1.345   -0.871    1.412
 1   -1.230   -0.037   -0.036   -1.201    1.041    1.201   -0.938    1.574   -0.874    1.622
 1   -1.196   -0.560   -0.814   -0.581    0.998    1.088   -0.941    1.337   -0.899    1.289
 1   -0.967   -0.143    0.062   -1.273    1.044    1.114   -0.892    1.307   -0.859    1.270
 1   -1.203   -0.353   -0.552   -1.077    1.028    1.256   -0.928    1.438   -0.858    1.487
 1   -1.283   -0.875   -0.544   -0.901    1.089    1.201   -0.944    1.327   -0.878    1.346
 1   -1.206   -0.505   -0.522   -1.151    1.010    1.161   -0.937    1.395   -0.896    1.435
 1   -1.176   -0.772   -0.585   -1.283    1.066    1.220   -0.910    1.428   -0.865    1.477
 1   -1.206   -0.550   -0.855   -1.248    1.027    1.163   -0.930    1.373   -0.880    1.364
 1   -1.145   -0.886   -0.772   -0.536    1.099    0.996   -0.932    1.295   -0.869    1.363
 2   -0.369   -0.039    1.058   -0.110    0.129   -0.380    0.553   -0.202    2.116   -0.022
 2   -0.304   -0.380    1.047   -0.092    0.024   -0.292    0.388   -0.378    1.588   -0.218
 2    0.150   -0.117    1.623    0.127    0.014   -0.333    0.129   -0.481    0.594   -0.488
 2    0.197    0.344    1.802    0.009    0.279   -0.235    0.146   -0.492    0.572   -0.474
 2    0.266    0.160    2.004    0.179    0.057   -0.198   -0.137   -0.401    0.223   -0.414
 2    0.344    0.951    0.922    0.583    0.462   -0.049    0.274   -0.149    0.457   -0.191
 1   -1.202   -0.041   -0.197   -1.250    1.042    1.117   -0.931    1.132   -0.869    1.171
 2   -0.067    0.369    0.925    0.422    0.196   -0.281    0.178    0.114    0.693    0.155
 1   -1.025    0.386   -0.308   -1.083    1.033    1.100   -0.918    1.183   -0.860    1.189
 2   -0.053   -0.046   -0.065    0.174    0.191   -0.027    0.223    0.614    0.771    0.438
 2   -0.066   -0.014   -0.224    0.349    0.196    0.058    0.163    0.570    0.629    0.611
 1   -1.235   -0.330   -0.543   -1.161    1.126    1.231   -0.929    1.394   -0.862    1.458
 2    0.339   -0.000    0.156    0.265    0.279   -0.050    0.072    0.192    0.152    0.527
 1   -1.253   -0.589   -0.656   -1.140    1.037    1.197   -0.937    1.489   -0.892    1.562
 2    0.246   -0.461    0.249    0.219    0.198   -0.064   -0.067    0.311    0.083    0.557
 2    0.276   -0.191   -0.011    0.205    0.298    0.043   -0.050    0.430    0.055    0.653
 1   -1.280   -0.672   -0.829   -1.199    1.132    1.357   -0.920    1.576   -0.793    1.581
 1   -1.284   -0.698   -0.501   -1.240    1.137    1.308   -0.904    1.488   -0.841    1.491
 1   -1.264   -0.572   -0.399   -1.524    1.092    1.217   -0.925    1.472   -0.878    1.547
 1   -1.249   -0.615   -0.598   -1.213    1.194    1.340   -0.892    1.679   -0.857    1.797
 1   -1.240   -0.436    0.329   -0.818    1.241    1.397   -0.854    1.698   -0.823    1.665
 1   -1.142   -0.097    0.388   -1.313    1.114    1.179   -0.896    1.492   -0.860    1.580
 1   -1.069   -0.092   -0.357   -1.207    1.080    1.166   -0.899    1.449   -0.858    1.467
 2    0.331    0.679    0.481    0.264    0.541    0.401   -0.224    0.622   -0.255    0.577
 1   -1.238   -0.514    0.071   -0.825    1.026    1.121   -0.950    1.386   -0.865    1.396
 1   -1.127   -0.650   -0.469   -1.127    1.076    1.213   -0.888    1.534   -0.845    1.537
 3    1.813    4.223    4.349    2.291   -1.417   -1.140    1.002   -0.850    0.569   -0.806
 3    1.195    3.706    3.835    3.470   -1.417   -1.140    4.659   -0.850    3.370   -0.806
 3    1.502    3.945    4.108    2.430   -1.417   -1.140    1.459   -0.850    0.900   -0.806
 3    1.238    3.671    2.874    3.483   -1.417   -1.140    4.625   -0.850    3.341   -0.806
 3    1.675    0.702   -0.606    3.059   -1.417   -1.140    2.108   -0.850    1.422   -0.806
 3    1.533    0.884   -0.419    2.443   -1.417   -1.140    1.491   -0.850    1.062   -0.806
 3    2.691    6.135    5.764    2.903   -1.232   -1.140    0.659   -0.850    0.249   -0.806
 3    1.915    2.324    1.776    0.694   -1.278   -1.140    0.346   -0.850    0.439   -0.806
 3    1.914    0.019   -0.406    0.878   -1.335   -1.140    0.051   -0.850    0.186   -0.806
 3    1.805   -0.625   -0.846    0.771   -1.366   -1.140    0.040   -0.850    0.084   -0.806
 3    1.723   -0.638   -0.847    0.772   -1.399   -1.140    0.004   -0.850   -0.129   -0.806
 3    1.547   -0.601   -0.926    0.727   -1.417   -1.140    0.123   -0.850   -0.041   -0.806
 3    1.434   -0.900   -0.818    0.667   -1.417   -1.140    0.132   -0.850   -0.042   -0.806
 3    1.394   -0.881   -0.895    0.725   -1.417   -1.140    0.196   -0.850    0.027   -0.806
 3    1.361   -0.882   -0.801    0.852   -1.417   -1.140    0.311   -0.850    0.140   -0.806
 3    1.291   -0.947   -0.944    0.881   -1.417   -1.140    0.395   -0.850    0.301   -0.806
 3    1.265   -0.934   -0.773    0.790   -1.417   -1.140    0.314   -0.850    0.265   -0.806
 3    1.273   -0.612   -0.776    0.799   -1.417   -1.140    0.369   -0.850    0.305   -0.806
 3    1.325   -0.629   -0.798    0.872   -1.417   -1.140    0.420   -0.850    0.290   -0.806
 3    1.403   -0.500   -0.797    0.784   -1.417   -1.140    0.202   -0.850    0.059   -0.806
 3    1.360   -0.478   -0.770    0.619   -1.397   -1.140    0.067   -0.850   -0.009   -0.806
 3    1.200    1.205   -0.267    0.123   -1.134   -1.140   -0.013   -0.850   -0.000   -0.806
 3    1.285   -0.061   -0.721    0.134   -1.278   -1.140   -0.208   -0.850   -0.175   -0.806
 3    1.281    0.294   -0.737    0.208   -1.398   -1.140   -0.094   -0.850   -0.086   -0.806
 3    1.761    0.497   -0.068    0.592   -1.173   -1.140   -0.249   -0.850   -0.357   -0.806
 3    1.749   -0.385   -0.473    0.602   -1.247   -1.140   -0.001   -0.850   -0.201   -0.806
 3    1.473    0.440   -0.912    2.895   -1.417   -1.140    2.067   -0.850    1.325   -0.806
 3    1.840    0.384   -0.322    1.883   -1.417   -1.140    0.546   -0.850    0.187   -0.806
 3    2.031   -0.537   -0.742    1.343   -1.417   -1.140    0.231   -0.850   -0.054   -0.806
 3    2.174   -0.942   -0.707    0.666   -1.198   -1.140   -0.095   -0.850   -0.364   -0.806
 3    2.196   -0.833   -0.761    0.521   -1.096   -1.140   -0.170   -0.850   -0.417   -0.806
 3    2.220   -0.738   -0.900    0.474   -1.012   -1.140   -0.178   -0.850   -0.431   -0.806
 3    2.232   -0.762   -0.910    0.438   -0.975   -1.140   -0.212   -0.850   -0.455   -0.806
 3    2.246   -0.875   -0.782    0.426   -0.969   -1.140   -0.222   -0.850   -0.462   -0.806
 3    2.286   -0.655   -0.810    0.584   -0.981   -1.140   -0.229   -0.850   -0.457   -0.806
 3    2.341   -0.742   -0.723    0.741   -1.023   -1.140   -0.248   -0.850   -0.464   -0.806
 3    2.358   -0.259   -0.609    0.708   -1.048   -1.140   -0.183   -0.850   -0.465   -0.806
 3    1.914    0.184   -0.375    0.960   -1.383   -1.140    0.135   -0.850   -0.111   -0.806
 3    1.744    0.156   -0.943    1.283   -1.417   -1.140    0.439   -0.850    0.149   -0.806
 3    1.550    0.083   -0.935    1.707   -1.417   -1.140    0.817   -0.850    0.482   -0.806
 3    1.364    0.061   -0.905    2.186   -1.417   -1.140    1.482   -0.850    1.032   -0.806
 3    1.143   -0.620   -0.563    1.228   -1.417   -1.140    0.644   -0.850    0.508   -0.806
 3    1.048   -0.871   -0.729    1.127   -1.417   -1.140    0.793   -0.850    0.698   -0.806
 3    1.031   -0.580   -0.741    1.140   -1.417   -1.140    0.877   -0.850    0.782   -0.806
 3    1.054   -0.621   -0.649    1.133   -1.417   -1.140    0.985   -0.850    0.878   -0.806
 3    1.097   -0.815   -0.692    1.098   -1.417   -1.140    0.659   -0.850    0.611   -0.806
 3    1.146   -0.838   -0.783    1.073   -1.417   -1.140    0.622   -0.850    0.583   -0.806
 3    1.216   -0.764   -0.870    1.046   -1.417   -1.140    0.553   -0.850    0.555   -0.806
 3    1.142   -1.038   -0.982    1.262   -1.417   -1.140    0.919   -0.850    0.730   -0.806
 3    1.135   -0.829   -0.822    1.365   -1.417   -1.140    0.936   -0.850    0.721   -0.806
 3    1.227   -0.578   -0.768    1.458   -1.417   -1.140    1.077   -0.850    0.854   -0.806
 3    1.301   -0.672   -0.882    1.411   -1.417   -1.140    0.750   -0.850    0.566   -0.806
 3    1.471   -0.148   -0.500    1.238   -1.417   -1.140    0.605   -0.850    0.410   -0.806
 3    1.593   -0.207   -0.447    1.221   -1.417   -1.140    0.252   -0.850    0.121   -0.806
 3    1.696    0.144   -0.865    1.266   -1.417   -1.140    0.160   -0.850    0.023   -0.806
 3    1.739   -0.853   -0.744    1.474   -1.417   -1.140    0.340   -0.850    0.146   -0.806
 3    1.715   -0.616   -0.820    1.558   -1.417   -1.140    0.445   -0.850    0.252   -0.806
 3    1.751   -0.803   -0.689    1.736   -1.417   -1.140    0.519   -0.850    0.282   -0.806
 3    1.790   -0.755   -0.882    1.874   -1.417   -1.140    0.641   -0.850    0.331   -0.806
 3    1.781   -0.850   -0.944    2.028   -1.417   -1.140    0.879   -0.850    0.516   -0.806
 3    1.724   -0.758   -0.882    1.912   -1.417   -1.140    0.817   -0.850    0.500   -0.806
 3    1.590   -0.726   -0.768    1.539   -1.417   -1.140    0.540   -0.850    0.276   -0.806
 3    1.517   -0.491   -0.772    1.445   -1.417   -1.140    0.619   -0.850    0.346   -0.806
 3    1.406    0.074   -0.769    1.416   -1.417   -1.140    0.611   -0.850    0.394   -0.806
 3    1.238    0.466   -0.816    1.433   -1.417   -1.140    0.784   -0.850    0.633   -0.806
 3    0.889    2.072    1.025    1.449   -1.417   -1.140    1.298   -0.850    1.121   -0.806
 3    0.813   -0.480   -0.813    1.166   -1.417   -1.140    1.165   -0.850    0.758   -0.806
 3    0.916   -0.490   -0.667    1.243   -1.417   -1.140    1.033   -0.850    0.584   -0.806
 3    0.981   -0.398   -0.657    1.311   -1.417   -1.140    0.998   -0.850    0.555   -0.806
 3    0.999   -0.894   -0.664    1.331   -1.417   -1.140    1.151   -0.850    0.665   -0.806
 3    0.978   -0.978   -0.899    1.317   -1.417   -1.140    1.046   -0.850    0.602   -0.806
 3    0.945   -0.942   -0.976    1.324   -1.417   -1.140    1.055   -0.850    0.586   -0.806
 3    0.918   -1.003   -0.908    1.394   -1.417   -1.140    1.255   -0.850    0.712   -0.806
 3    0.898   -1.014   -0.822    1.521   -1.417   -1.140    1.519   -0.850    0.895   -0.806
 3    0.873   -0.808   -0.819    1.651   -1.417   -1.140    1.671   -0.850    1.040   -0.806
 3    0.821   -0.563   -0.853    1.745   -1.417   -1.140    2.029   -0.850    1.308   -0.806
 3    0.884    3.201    2.166    1.038   -1.417   -1.140    0.827   -0.850    0.526   -0.806
 3    1.218    0.315   -0.752    0.970   -1.365   -1.140    0.420   -0.850    0.224   -0.806
 3    1.502   -0.532   -0.756    0.772   -1.180   -1.140    0.081   -0.850   -0.105   -0.806
 3    1.491   -0.918   -0.833    0.697   -1.196   -1.140   -0.048   -0.850   -0.176   -0.806
 3    1.522   -0.812   -0.627    0.546   -1.030   -1.140    0.020   -0.850   -0.130   -0.806
 3    1.533   -0.499   -0.931    0.456   -1.001   -1.140   -0.056   -0.850   -0.200   -0.806
 3    1.531   -0.878   -0.676    0.412   -0.957   -1.140   -0.024   -0.850   -0.194   -0.806
 3    1.531   -0.934   -0.626    0.422   -0.919   -1.140    0.045   -0.850   -0.160   -0.806
 3    1.537   -1.032   -0.608    0.464   -0.967   -1.140   -0.070   -0.850   -0.228   -0.806
 3    1.529   -0.818   -0.890    0.456   -0.967   -1.140   -0.102   -0.850   -0.226   -0.806
 3    1.537   -0.875   -0.657    0.300   -0.921   -1.140   -0.185   -0.850   -0.305   -0.806
 3    1.566   -0.865   -0.682    0.248   -0.868   -1.140   -0.085   -0.850   -0.256   -0.806
 3    1.609   -0.641   -0.875    0.222   -0.846   -1.140   -0.071   -0.850   -0.263   -0.806
 3    1.656   -0.749   -0.535    0.229   -0.781   -1.140   -0.032   -0.850   -0.258   -0.806
 3    1.686   -0.220   -0.542    0.283   -0.785   -1.140   -0.113   -0.850   -0.316   -0.806
 3    1.683   -0.506   -0.594    0.345   -0.793   -1.140   -0.083   -0.850   -0.291   -0.806
 3    1.638   -0.590   -0.827    0.323   -0.846   -1.140   -0.093   -0.850   -0.279   -0.806
 3    1.551   -0.836   -0.752    0.059   -0.862   -1.140   -0.183   -0.850   -0.334   -0.806
 3    1.552   -0.675   -0.572    0.065   -0.862   -1.140   -0.179   -0.850   -0.345   -0.806
 3    1.537   -0.820   -0.579    0.123   -0.846   -1.140   -0.119   -0.850   -0.294   -0.806
 3    0.399   -0.261   -0.844    0.791   -1.417   -1.140    1.431   -0.850    1.073   -0.806
 3    0.614   -0.385   -0.846    0.043   -1.296   -1.140    0.353   -0.850    0.142   -0.806
 3    0.981   -0.037   -0.844    1.133   -1.417   -1.140    0.985   -0.850    0.643   -0.806
 3    0.612    0.018   -0.939    1.400   -1.417   -1.140    1.750   -0.850    1.492   -0.806
 3    0.801   -0.457   -0.683    0.406   -1.291   -1.140    0.576   -0.850    0.453   -0.806
 3    0.495    0.237   -0.497    0.400   -1.417   -1.140    0.620   -0.850    0.741   -0.806
 2    0.639    0.606    1.215   -0.732    0.234   -0.871   -0.368   -0.850   -0.383   -0.806
 2    0.682    1.537    1.911   -0.982    0.011   -0.588   -0.400   -0.850   -0.386   -0.806
 2    0.501    0.945    1.118   -0.750    0.132   -0.612   -0.341   -0.850   -0.296   -0.806
 2    0.714    2.238    2.284   -0.161    0.038   -0.346   -0.237   -0.850   -0.572   -0.806
 1   -1.270   -0.619   -0.523   -1.298    1.087    1.282   -0.893   -0.088   -0.842   -0.721
 1   -1.189   -0.703   -0.485   -1.221    1.080    1.282   -0.871    0.077   -0.851   -0.630
 1   -1.266   -0.885   -0.428   -1.336    1.050    1.167   -0.923   -0.010   -0.872   -0.653
 2    0.535    5.372    3.234    0.646    0.383    0.135   -0.336   -0.657   -0.651   -0.710
 1   -1.192   -0.498   -0.441   -1.350    1.067    1.183   -0.888    0.275   -0.841   -0.444
 1   -1.280   -0.595   -0.766   -1.167    1.113    1.344   -0.911    1.520   -0.956    1.511
 2    0.492    6.019    1.010    0.114    0.076   -0.140   -0.813   -0.252   -0.831   -0.389
 2    0.448    4.890    1.832    0.672    0.329    0.032   -0.735   -0.270   -0.812   -0.274
 1   -1.163   -0.652   -0.580   -1.306    1.076    1.240   -0.903    0.857   -0.868    0.388
 1   -1.245   -0.525   -0.566   -1.004    1.031    1.113   -0.947    1.102   -0.881    0.856
 1   -1.312   -0.700   -0.679   -1.148    1.102    1.191   -0.944    1.392   -0.915    1.420
 1   -1.311   -0.529   -0.384   -1.145    1.192    1.313   -0.891    1.637   -0.865    1.596
 1   -1.287   -0.477   -0.355   -1.090    1.120    1.370   -0.891    1.625   -0.859    1.596
 1   -1.215   -0.822   -0.562   -1.172    1.049    1.288   -0.904    1.496   -0.861    1.493
 1   -1.230   -0.462   -0.373   -1.281    1.016    1.235   -0.933    1.417   -0.889    1.428
 2   -0.375   -0.325    0.159   -0.406    0.388   -0.046   -0.172   -0.824    0.452   -0.806
 2    0.100    0.006    1.281   -0.559    0.436    0.024   -0.245   -0.539   -0.258   -0.496
 1   -1.032   -0.413   -0.793   -0.665    1.033    0.971   -0.917    1.516   -1.033    1.576
 1   -1.303   -0.335   -0.438   -1.022    1.191    1.392   -0.892    1.520   -0.863    1.541
 2   -0.043    0.592    0.615   -0.322    0.235   -0.188   -0.181   -0.769   -0.148   -0.666
 1   -1.009   -0.128    0.059   -1.126    0.954    1.058   -0.896    1.494   -1.060    1.591
 1   -1.323   -0.657   -0.400   -1.310    1.040    1.188   -0.945    1.434   -0.883    1.485
 2   -0.193    1.455    1.308    0.262    0.436    0.086    0.266   -0.792    0.647   -0.806
 1   -1.281   -0.697   -0.399   -1.330    1.101    1.215   -0.920    1.456   -0.869    1.465
 2   -0.055    0.071   -0.120   -0.537    0.279   -0.097   -0.317   -0.850   -0.229   -0.806
 2   -0.113    1.047    1.298   -0.816    0.409    0.273   -0.458   -0.018   -0.323   -0.127
 1   -0.762    1.606    0.430   -0.217    0.995    1.216   -0.878    1.287   -0.873    1.091
 1   -1.292    0.077   -0.641   -1.217    1.066    1.178   -0.944    1.076   -0.881    0.970
 2   -0.143   -0.492   -0.041   -0.604    0.236   -0.030   -0.341   -0.850   -0.191   -0.806
 2   -0.266    0.476    0.709   -0.363    0.379    0.340   -0.320   -0.008   -0.128   -0.134
 2   -0.285    0.880    1.096    0.210    0.243    0.071    0.358   -0.784    0.914   -0.774
 2   -0.363   -0.012   -0.066   -0.737    0.176   -0.211   -0.313   -0.850   -0.010   -0.806
 2   -0.311   -0.161   -0.200   -0.092    0.569    0.636   -0.174    0.138    0.084   -0.156
 1   -1.341   -0.880   -0.859   -1.487    1.069    1.258   -0.930    1.449   -0.852    1.465
 2   -0.025    1.101    1.257    0.202    0.229   -0.214    0.088   -0.757    0.299   -0.760
 1   -1.177   -0.659   -0.617   -1.380    0.891    1.164   -0.920    1.462   -0.874    1.393
 2   -0.160   -0.502   -0.329   -0.680    0.349    0.004   -0.226   -0.850   -0.120   -0.784
 2   -0.497   -0.349   -0.230    0.151    0.623    0.727   -0.146    0.035    0.176   -0.120
 2   -0.320   -0.130    0.103   -0.326    0.314   -0.367    0.217   -0.817    0.555   -0.741
 2   -0.089   -0.139   -0.255    0.201    0.554    0.540   -0.056    0.000    0.036   -0.213
 2   -0.050   -0.789   -0.541   -0.379    0.300    0.030   -0.205   -0.771    0.099   -0.728
 2   -0.096    0.210    0.283   -0.610    0.109   -0.471   -0.187   -0.850   -0.052   -0.762
 2   -0.205   -0.431   -0.388    0.243    0.531    0.540   -0.117   -0.043    0.036   -0.255
 1   -1.273   -0.665   -0.797   -1.075    1.139    1.313   -0.878    1.685   -0.869    1.705
 2    0.298    0.258   -0.176    0.073    0.344    0.149   -0.236   -0.245   -0.311   -0.293
 1   -1.240   -0.839   -0.592   -1.267    1.106    1.250   -0.925    1.453   -0.844    1.498
 2   -0.132   -0.518   -0.609   -0.266    0.279   -0.019   -0.145   -0.850    0.227   -0.806
 2    0.060    0.203    1.125   -1.085    0.137   -0.333   -0.336   -0.850   -0.268   -0.806
 1   -1.310   -0.640   -0.208   -1.269    1.078    1.190   -0.943    1.355   -0.903    1.388
 2    0.157    2.216    1.531    0.329    0.262    0.087   -0.168   -0.205   -0.274   -0.289
 2   -0.157   -0.100    1.313   -0.649   -0.047   -0.674    0.025   -0.850    0.292   -0.806
 2    0.445    2.275    2.860   -0.518    0.439    0.099   -0.335   -0.253   -0.413   -0.306
 1   -1.239   -0.067   -0.441   -1.299    1.195    1.262   -0.905    1.565   -0.837    1.591
 1   -1.215   -0.714   -0.607   -1.393    1.126    1.207   -0.895    1.422   -0.855    1.481
 2    0.075   -0.304    0.418   -0.442    0.445    0.042   -0.386   -0.274   -0.348   -0.288
 1   -1.141   -0.452   -0.864   -1.035    1.041    1.033   -0.921    1.430   -0.868    1.410
 1   -1.252   -0.258   -0.592   -1.065    1.105    1.363   -0.872    1.666   -0.822    1.698
 2   -0.053    0.190    1.416   -0.768   -0.192   -0.781   -0.011   -0.850    0.323   -0.806
 1   -1.162   -0.787   -0.851   -0.721    1.157    1.379   -0.852    1.618   -0.821    1.707
 2    0.130    0.136    1.171   -0.749    0.085   -0.633   -0.142   -0.850   -0.027   -0.806
 1   -1.270   -0.846   -0.778   -0.883    1.095    1.437   -0.886    1.761   -0.844    1.799
 2   -0.155   -0.322   -0.085   -0.050    0.575    0.475   -0.194   -0.162   -0.073   -0.218
 2   -0.129   -0.378    0.410   -0.297   -0.145   -0.972    0.235   -0.850    0.581   -0.806
 2    0.156   -0.094    0.527   -0.776    0.215   -0.636   -0.194   -0.850   -0.176   -0.806
 1   -1.286   -0.645   -0.528   -1.094    1.209    1.404   -0.885    1.445   -0.862    1.456
 2   -0.169    0.218   -0.166   -0.092    0.379    0.340   -0.293   -0.176   -0.125   -0.227
 1   -1.216   -0.055    0.257   -1.201    1.111    1.324   -0.888    1.522   -0.858    1.416
 1   -1.310   -0.439   -0.628   -1.281    1.083    1.193   -0.937    1.428   -0.883    1.541
 2    0.165   -0.179    0.706   -0.839    0.215   -0.636   -0.194   -0.850   -0.160   -0.806
 1   -1.205   -0.440   -0.501   -1.021    1.104    1.375   -0.893    1.661   -0.854    1.776
 1   -1.325   -0.419   -0.292   -1.455    1.126    1.261   -0.919    1.440   -0.872    1.581
 2   -0.033    0.775    1.020   -0.399    0.354    0.206   -0.295    0.094   -0.211   -0.057
 2    0.051   -0.328    0.395   -0.218   -0.162   -0.979    0.343   -0.850    0.558   -0.806
 1   -1.201   -0.445   -0.576   -1.022    1.104    1.396   -0.871    1.599   -0.821    1.665
 2   -0.196    0.612    0.930   -0.158    0.402    0.416   -0.306    0.166   -0.107    0.074
 1   -1.262   -0.258   -0.670   -1.129    1.134    1.310   -0.896    1.529   -0.828    1.595
 1   -1.231   -0.645   -0.218   -0.968    1.046    1.128   -0.943    1.221   -0.855    1.205
 1   -1.255   -0.701   -0.576   -1.231    1.055    1.173   -0.950    1.390   -0.882    1.415
 2   -0.108   -0.141    0.343   -0.625    0.482    0.248   -0.439    0.109   -0.311    0.010
 2    0.123   -0.438    0.723    0.155   -0.200   -0.895    0.541   -0.850    0.752   -0.806
 1   -1.277   -0.654   -0.810   -1.359    1.062    1.248   -0.923    1.429   -0.853    1.435
 2   -0.329   -0.679   -0.229   -0.291    0.581    0.378   -0.315    0.348   -0.152    0.034
 1   -1.286   -0.509   -0.595   -1.041    1.156    1.360   -0.899    1.653   -0.869    1.602
 2    0.160   -0.626    0.677    0.179   -0.322   -1.073    0.546   -0.850    0.695   -0.806
 1   -1.217   -0.405   -0.687   -1.333    1.062    1.261   -0.895    1.508   -0.851    1.554
 1   -1.320   -0.733   -0.504   -1.171    1.140    1.342   -0.899    1.632   -0.871    1.612
 1   -1.227   -0.762   -0.472   -1.433    1.084    1.169   -0.916    1.437   -0.863    1.554
 1   -1.197   -0.484   -0.721   -1.421    1.069    1.172   -0.912    1.442   -0.868    1.401
 2    0.219   -0.313    0.776    0.259   -0.400   -1.140    0.506   -0.850    0.613   -0.806
 2   -0.481   -0.451   -0.254   -0.456    0.605    0.537   -0.390    0.420   -0.059    0.179
 1   -1.333   -0.886   -0.475   -1.306    1.183    1.342   -0.895    1.528   -0.822    1.599
 1   -1.257   -0.449   -0.798   -1.275    1.112    1.249   -0.929    1.675   -0.875    1.739
 1   -1.204   -0.748   -0.523   -1.265    1.161    1.269   -0.882    1.411   -0.864    1.405
 1   -1.267   -0.974   -0.287   -1.396    1.133    1.262   -0.892    1.353   -0.853    1.392
 2    0.081   -0.494   -0.447   -0.424    0.482    0.200   -0.322   -0.504   -0.196   -0.508
 2    0.250    1.785    2.062    0.328   -0.609   -1.140    0.789   -0.850    0.996   -0.806
 1   -1.254   -0.930   -0.567   -1.374    1.045    1.178   -0.920    1.251   -0.876    1.328
 2   -0.014   -0.519   -0.546   -0.084    0.480    0.244   -0.148   -0.438   -0.000   -0.433
 2    0.122    1.040    1.306    0.619   -0.569   -1.140    1.503   -0.850    1.890   -0.702
 1   -1.257   -1.036   -0.601   -1.195    1.058    1.295   -0.907    1.534   -0.829    1.516
 2   -0.344   -0.733   -0.104   -0.284    0.533    0.414   -0.324    0.054   -0.069   -0.002
 2   -0.064   -0.674   -0.585   -0.069    0.338    0.193   -0.234   -0.411   -0.029   -0.442
 1   -1.225   -0.603   -0.285   -0.998    1.106    1.140   -0.932    1.282   -0.869    1.328
 2   -0.146   -0.493   -0.617   -0.085    0.427    0.293   -0.194   -0.339    0.062   -0.394
 2    0.572    2.117    2.350    0.214   -0.357   -1.039    0.377   -0.850    0.231   -0.806
 1   -1.255   -0.812   -0.397   -1.175    1.033    1.162   -0.944    1.515   -0.902    1.517
 2    0.325    2.454    1.585    0.344   -0.385   -1.105    0.885   -0.850    0.796   -0.772
 1   -1.342   -0.792   -0.280   -1.426    1.093    1.288   -0.914    1.521   -0.850    1.566
 1   -1.349   -0.553   -0.128   -1.445    1.099    1.276   -0.927    1.614   -0.875    1.640
 2    0.195   -0.231   -0.753    0.802    0.496    0.495    0.062    0.017   -0.020   -0.062
 2    0.091   -0.657   -0.550    0.110    0.365    0.227   -0.254   -0.288   -0.144   -0.390
 2   -0.076   -0.074   -0.040    0.293   -1.053   -1.140    1.499   -0.850    2.095   -0.806
 2    0.110   -0.330   -0.457    0.836    0.502    0.560    0.023    0.040    0.022   -0.042
 2    0.202    0.321   -0.013    0.233   -0.769   -1.093    1.178   -0.804    1.558   -0.806
 2    0.520    0.092   -0.314   -0.359    0.266    0.041   -0.410   -0.322   -0.437   -0.385
 2    0.329    0.015    0.029   -0.035   -0.757   -1.080    0.283   -0.821    0.513   -0.806
 2    0.458   -0.025    0.112   -0.486    0.095   -0.037   -0.422   -0.221   -0.451   -0.362
 2    0.455    0.000   -0.030   -0.278    0.363    0.138   -0.324   -0.313   -0.341   -0.388
 2    0.356    1.808    1.459   -0.278   -0.452   -1.057    0.332   -0.823    0.422   -0.779
 2    0.394    0.822   -0.280   -0.206    0.140    0.020   -0.340   -0.235   -0.389   -0.378
 2    0.359    0.247   -0.136   -0.245    0.415    0.172   -0.273   -0.302   -0.283   -0.344
 2    0.216    2.157    1.765    0.048    0.261    0.079   -0.144   -0.164   -0.249   -0.272
 1   -1.158    0.216   -0.478   -1.016    1.103    1.238   -0.877    1.541   -0.868    1.585
 1   -0.812   -0.319   -0.071    0.089    0.934    1.029   -0.980    1.214   -0.911    1.249
 1   -0.815    0.736   -0.194    0.331    0.837    0.979   -0.976    1.118   -0.930    1.121
 1   -1.197   -0.536   -0.639   -1.110    1.103    1.166   -0.929    1.476   -0.857    1.467
 1   -1.154   -0.655   -0.601   -1.362    0.978    1.184   -0.917    1.429   -0.870    1.489
 1   -0.730    1.440    0.294   -0.740    0.938    1.040   -0.898    1.184   -0.925    1.218
 1   -0.841    1.853    0.673    0.614    0.883    0.885   -1.017    0.827   -0.945    0.737
 1   -0.594    1.732    0.406   -0.174    0.860    0.909   -0.950    0.769   -0.916    0.521
 1   -1.224   -0.797   -0.722   -1.203    1.174    1.288   -0.888    1.603   -0.850    1.592
 1   -1.266   -0.879   -0.687   -1.067    1.175    1.311   -0.881    1.508   -0.855    1.598
 1   -1.291   -0.676   -0.339   -1.247    1.079    1.254   -0.925    1.541   -0.861    1.547
 1   -1.361   -0.806   -0.586   -1.410    1.091    1.248   -0.917    1.596   -0.872    1.558
 1   -1.296   -0.699   -0.743   -1.225    1.187    1.340   -0.909    1.678   -0.864    1.700
 2   -0.081    0.042   -0.273   -0.093    0.516    0.361   -0.335   -0.221   -0.164   -0.289
 2   -0.079   -0.194    0.166   -0.087    0.469    0.326   -0.328   -0.288   -0.160   -0.358
 2   -0.088    0.187    0.072   -0.088    0.693    0.531   -0.177   -0.247   -0.026   -0.314
 1   -1.208   -0.702   -0.650   -1.335    1.052    1.174   -0.920    1.403   -0.886    1.442
 2   -0.089   -0.278   -0.023   -0.148    0.459    0.286   -0.298   -0.314   -0.172   -0.406
 2   -0.107   -0.429   -0.355   -0.244    0.490    0.290   -0.334   -0.276   -0.212   -0.365
 1   -1.300   -0.247   -0.123   -1.338    1.071    1.187   -0.951    1.355   -0.897    1.359
 1   -1.235   -0.753   -0.616   -0.941    0.987    1.117   -0.941    1.338   -0.892    1.372
 2   -0.163   -0.577   -0.323   -0.280    0.629    0.387   -0.294   -0.235   -0.170   -0.312
 1   -1.281   -0.146   -0.526   -1.207    1.087    1.234   -0.937    1.415   -0.886    1.480
 2   -0.244   -0.578   -0.440   -0.248    0.590    0.475   -0.393   -0.240   -0.213   -0.278
 2   -0.330   -0.580   -0.622   -0.253    0.720    0.626   -0.377   -0.227   -0.173   -0.300
 2   -0.402   -0.528   -0.731   -0.375    0.753    0.717   -0.453   -0.189   -0.201   -0.304
 1   -1.313   -0.309   -0.205   -1.319    1.042    1.234   -0.932    1.482   -0.892    1.568
 2   -0.444   -0.879   -0.692   -0.551    0.710    0.657   -0.531   -0.212   -0.248   -0.333
 2   -0.463   -0.682   -0.709   -0.631    0.741    0.680   -0.553   -0.164   -0.293   -0.279
 2   -0.461   -0.565   -0.697   -0.620    0.756    0.665   -0.537   -0.164   -0.314   -0.250
 1   -1.256   -0.554   -0.603   -1.263    1.138    1.232   -0.909    1.444   -0.858    1.477
 1   -1.276   -0.775   -0.296   -1.179    1.103    1.293   -0.900    1.492   -0.855    1.503
 1   -1.252   -0.510   -0.255   -1.347    1.068    1.243   -0.919    1.563   -0.862    1.580
 1   -1.290   -0.024   -0.396   -1.410    1.168    1.322   -0.901    1.564   -0.861    1.570
 1   -1.225   -0.723   -0.514   -1.217    1.056    1.221   -0.926    1.519   -0.863    1.526
 1   -1.242   -0.250   -0.552   -0.931    1.097    1.315   -0.881    1.460   -0.866    1.601
 1   -0.985   -0.052    0.130   -0.760    1.018    1.112   -0.926    1.328   -0.890    1.362
 1   -0.810    0.528    0.138   -0.909    1.019    1.174   -0.842    1.466   -0.872    1.432
 1   -0.986    0.457    0.423    0.199    0.908    1.006   -0.988    1.193   -0.916    1.294
 3    0.187   -0.763   -0.831    0.371   -1.417   -1.140    1.032   -0.850    0.567   -0.806
 3    0.177   -0.997   -0.900    0.474   -1.417   -1.140    1.308   -0.850    0.791   -0.806
 3    0.152   -0.985   -0.777    0.800   -1.417   -1.140    2.649   -0.850    1.731   -0.806
 3    0.062   -0.743   -0.846    0.931   -1.417   -1.140    3.071   -0.850    1.951   -0.806
 3    0.002   -0.541   -0.775    0.859   -1.417   -1.140    2.945   -0.850    1.798   -0.806
 3   -0.018   -0.606   -0.641    0.790   -1.417   -1.140    3.429   -0.850    2.069   -0.806
 3    0.004   -0.637   -0.851    0.703   -1.417   -1.140    2.845   -0.850    1.729   -0.806
 3   -0.069   -0.768   -0.704    0.488   -1.417   -1.140    2.287   -0.850    1.582   -0.806
 3   -0.100   -0.777   -0.837    0.439   -1.417   -1.140    2.106   -0.850    1.619   -0.806
 3   -0.109   -0.804   -0.765    0.544   -1.417   -1.140    2.949   -0.850    2.271   -0.806
 3   -0.122   -0.775   -0.669    0.583   -1.417   -1.140    4.390   -0.850    3.400   -0.806
 3   -0.139   -0.894   -0.666    0.512   -1.417   -1.140    2.807   -0.850    2.178   -0.806
 3   -0.187   -0.961   -0.871    0.386   -1.417   -1.140    2.242   -0.850    1.743   -0.806
 3   -0.187   -0.878   -0.885    0.432   -1.417   -1.140    3.405   -0.850    2.648   -0.806
 3   -0.159   -0.885   -0.879    0.481   -1.417   -1.140    2.892   -0.850    2.193   -0.806
 3   -0.088   -0.790   -0.841    0.543   -1.417   -1.140    2.619   -0.850    1.923   -0.806
 3   -0.087   -0.907   -0.850    0.518   -1.417   -1.140    2.569   -0.850    1.965   -0.806
 3   -0.115   -0.985   -0.950    0.432   -1.417   -1.140    2.418   -0.850    1.992   -0.806
 3   -0.197   -0.771   -0.843   -0.374   -0.441   -1.140   -0.656   -0.850   -0.510   -0.806
 3   -0.246   -0.446   -0.361   -0.653   -0.682   -1.140   -0.584   -0.850   -0.437   -0.806
 3   -0.131    0.839    0.950   -0.766   -0.976   -1.140   -0.344   -0.850   -0.341   -0.806
 3   -0.107    0.969    1.117   -0.200   -1.217   -1.140    0.287   -0.850    0.067   -0.806
 3   -0.016    0.864    1.238    0.034   -1.168   -1.140    0.619   -0.850    0.016   -0.806
 3    0.153    1.833    1.259   -0.805   -0.523   -1.140   -0.477   -0.850   -0.653   -0.806
 1   -1.254   -0.705   -0.447   -1.580    1.069    1.238   -0.887    0.351   -0.830   -0.075
 1   -1.241   -0.611   -0.608   -1.465    1.040    1.200   -0.900    0.135   -0.853   -0.568
 1   -1.238   -0.803   -0.854   -1.451    1.160    1.163   -0.875    1.414   -0.845    1.296
 1   -1.287   -0.946   -0.733   -1.234    1.174    1.362   -0.869    1.520   -0.835    1.514
 1   -1.349   -0.745   -0.627   -1.597    1.126    1.259   -0.914    1.803   -0.825    1.743
 1   -0.585    0.854    0.112    0.204    0.702   -0.151   -0.880   -0.850   -0.779   -0.806
 1   -1.219   -0.797   -0.057   -1.332    1.185    1.304   -0.829    1.738   -0.664    1.809
 1   -1.008   -0.618   -0.217   -0.974    1.007    1.127   -0.790    1.519   -0.684    1.587
 3    0.380    0.442   -0.385   -0.467   -0.733   -1.140   -0.106   -0.850   -0.301   -0.806
 1   -1.276   -0.459   -0.592   -1.512    1.182    1.335   -0.888    1.426   -0.811    1.444
 1   -1.144   -0.720   -0.738   -1.422    0.992    1.144   -0.876    1.426   -0.857    1.485
 3    0.229    1.019   -0.172   -0.293   -0.881   -1.140    0.588   -0.850    1.211   -0.806
 1   -0.232    1.117   -0.306   -0.461    0.687   -0.246   -0.620   -0.850   -0.475   -0.806
 3    0.150    0.499   -0.109   -0.305   -0.971   -1.140    0.469   -0.850    1.218   -0.806
 1   -1.241   -0.729   -0.835   -1.327    1.105    1.182   -0.937    1.343   -0.816    1.325
 3    0.162   -0.711   -0.430   -0.330   -1.028   -1.140    0.038   -0.850    0.113   -0.806
 1   -1.246   -0.956   -0.864   -1.390    1.034    1.194   -0.921    1.196   -0.850    1.292
 1   -0.837    0.270    0.127   -0.343    0.977    1.175   -0.671    1.751   -0.953    1.824
 1   -0.637    0.393   -0.601    0.141    0.942    1.130   -0.605    1.520   -0.958    1.672
 3    0.197   -0.803   -0.607   -0.340   -0.975   -1.140    0.148   -0.850   -0.198   -0.806
 3    0.245   -0.560   -0.673   -0.303   -1.028   -1.140    0.094   -0.850   -0.272   -0.806
 1   -1.195   -0.700   -0.629   -1.434    1.015    1.128   -0.877    1.415   -0.858    1.491
 3    0.320   -0.415   -0.527   -0.223   -1.010   -1.140    0.081   -0.850   -0.311   -0.806
 3    0.377    0.000   -0.253   -0.192   -0.963   -1.140   -0.051   -0.850   -0.406   -0.806
 3    0.380    0.200   -0.196   -0.220   -0.936   -1.140   -0.155   -0.850   -0.466   -0.806
 1   -1.219   -0.992   -0.702   -1.461    1.074    1.152   -0.884    1.305   -0.804    1.325
 3    0.343   -0.686   -0.190   -0.278   -0.902   -1.140   -0.067   -0.850   -0.393   -0.806
 3    0.297   -0.911   -0.322   -0.300   -1.009   -1.140   -0.086   -0.850   -0.361   -0.806
 1   -1.254   -0.846   -0.354   -1.009    1.054    1.066   -0.965    1.686   -1.240    1.824
 3    0.269   -1.025   -0.294   -0.270   -1.064   -1.140    0.122   -0.850   -0.231   -0.806
 1   -1.203   -0.504   -0.787   -1.398    1.039    1.199   -0.840    1.324   -0.775    1.513
 1   -1.200   -0.785   -0.561   -1.374    0.997    1.159   -0.864    1.246   -0.803    1.416
 3    0.235   -0.516   -0.349   -0.247   -1.170   -1.140    0.075   -0.850   -0.189   -0.806
 1   -1.252   -0.703   -0.443   -1.434    1.019    1.180   -0.889    1.310   -0.862    1.403
 3    0.178    0.472   -0.145   -0.213   -1.217   -1.140    0.752   -0.850    0.368   -0.806
 1   -1.306   -0.582   -0.599   -1.403    1.156    1.272   -0.899    1.518   -0.844    1.613
 3    0.298   -0.463   -0.680   -0.168   -1.122   -1.140    0.305   -0.850    0.068   -0.806
 3    0.341   -0.620   -0.544   -0.222   -1.078   -1.140    0.171   -0.850   -0.001   -0.806
 3    0.380   -0.579   -0.117   -0.265   -0.895   -1.140    0.138   -0.850   -0.049   -0.806
 3    0.425   -0.270   -0.024   -0.242   -0.925   -1.140   -0.121   -0.850   -0.237   -0.806
 3    0.464   -0.511   -0.190   -0.182   -0.820   -1.140    0.149   -0.850   -0.052   -0.806
 3    0.320   -0.794   -0.796    0.183   -1.417   -1.140    0.659   -0.850    0.539   -0.806
 3    0.376   -0.306   -0.771    0.198   -1.417   -1.140    0.404   -0.850    0.307   -0.806
 3    0.320   -0.503   -0.480    0.333   -1.417   -1.140    1.225   -0.850    1.039   -0.806
 3    0.292   -0.606   -0.443    0.378   -1.417   -1.140    0.790   -0.850    0.679   -0.806
 2   -0.401    0.740    0.239   -0.956    0.279   -0.039   -0.334   -0.731   -0.188   -0.592
 3    0.215    0.772    0.543   -0.113   -0.842   -1.140    0.086   -0.850    0.120   -0.806
 2   -0.428   -0.771   -0.659   -0.718    0.279   -0.074   -0.091   -0.472    0.113   -0.524
 2   -0.536    0.356    0.526   -0.264    0.632    0.239    0.047   -0.555    0.269   -0.578
 2   -0.317    0.776    0.891   -0.586    0.332    0.121   -0.231   -0.457   -0.038   -0.488
 2   -0.119   -0.782   -0.845   -0.802    0.019   -0.176   -0.314   -0.544   -0.109   -0.588
 2   -0.170    0.806    0.690   -1.418    0.163   -0.333   -0.497   -0.564   -0.318   -0.574
 2   -0.308    0.783    0.944   -0.531    0.530    0.086   -0.069   -0.530    0.175   -0.458
 2   -0.247    0.950    1.205   -0.877    0.376   -0.033   -0.361   -0.558   -0.120   -0.515
 2   -0.243    0.719    0.926   -1.046    0.260   -0.153   -0.602   -0.570   -0.363   -0.562
 2   -0.307   -0.452    0.023   -1.218    0.379   -0.121   -0.552   -0.550   -0.306   -0.619
 2   -0.466   -0.696   -0.037   -0.482    0.505   -0.091   -0.788   -0.496   -0.622   -0.584
 2   -0.411   -0.464   -0.106   -1.086    0.555    0.063   -0.660   -0.449   -0.516   -0.518
 2   -0.878   -0.226   -0.032   -0.648   -0.198    0.323    0.038    0.378    1.359    0.272
 2   -0.799   -0.491   -0.008   -0.642    0.231   -0.198   -0.145   -0.151    1.042   -0.240
 3    0.202    0.560    1.408   -0.227   -0.753   -1.140    0.355   -0.850    0.622   -0.806
 2   -0.525    0.125   -0.088    0.672    0.279    0.142    0.939    0.121    1.360    0.070
 2   -0.487   -0.827   -0.607    0.250    0.145    0.475    0.552    0.309    1.159   -0.104
 2   -0.274   -0.207   -0.764   -0.044    0.031    0.037    0.264   -0.097    0.706   -0.283
 3    0.048   -0.496    0.353    0.075   -1.104   -1.140    0.636   -0.850    1.060   -0.806
 2   -0.488   -0.637   -0.503   -0.675   -0.164   -0.263   -0.078   -0.132    0.622   -0.226
 2   -0.167    1.208    1.305    0.151    0.208   -0.131    0.433    0.002    0.622   -0.055
 2   -0.445   -0.622   -0.789    0.004    0.777    0.047    0.593    0.306    1.323    0.024
 2   -0.335   -0.265   -0.417   -0.444    0.561   -0.198    0.094    0.002    0.555   -0.185
 2   -0.334   -0.073   -0.714    0.180    0.157    0.013    0.369   -0.363    0.805   -0.134
 2   -0.191   -0.120   -0.676    0.291   -0.053   -0.052    0.394   -0.303    0.638   -0.192
 2   -0.077   -0.539   -0.583    0.403   -0.110   -0.030    0.480   -0.227    0.560   -0.283
 2   -0.012   -0.554   -0.618    0.499   -0.287   -0.123    0.333   -0.238    0.360   -0.312
 2    0.013   -0.763   -0.674    0.534   -0.178   -0.115    0.468   -0.215    0.422   -0.173
 2    0.015   -0.343   -0.724    0.448   -0.128   -0.139    0.524   -0.189    0.533   -0.147
 3   -0.250   -0.341   -0.511    0.774   -1.417   -1.140    9.854   -0.850   13.409   -0.806
 2    0.099   -0.582   -0.588    0.615    0.137   -0.232    0.575   -0.064    0.591   -0.512
 2    0.099   -0.240   -0.465    0.411    0.211   -0.139    0.488   -0.158    0.518   -0.461
 2    0.141    0.147   -0.640    0.153    0.162   -0.138    0.223   -0.253    0.288   -0.482
 1   -0.978   -0.215   -0.214   -1.124    1.178    0.970   -0.874   -0.581   -0.840   -0.593
 1   -1.324   -0.645   -0.722   -1.149    1.140    1.155   -0.940   -0.155   -0.865   -0.365
 3   -0.137   -0.295   -0.536    0.769   -1.417   -1.140    3.090   -0.850    4.191   -0.806
 1   -1.249   -0.830   -0.740   -1.227    1.003    1.191   -0.942    1.211   -0.901    1.098
 3   -0.060   -0.404   -0.658    0.751   -1.417   -1.140    2.400   -0.850    3.055   -0.806
 1   -1.064   -0.677   -0.734   -0.859    1.019    1.002   -0.938   -0.311   -0.877   -0.528
 1   -1.261   -0.880   -0.771   -1.114    1.001    1.169   -0.934    0.320   -0.870   -0.028
 1   -1.324   -0.795   -0.543   -1.302    1.033    1.256   -0.938    0.339   -0.873   -0.016
 1   -1.286   -0.505   -0.625   -1.367    1.072    1.243   -0.932    0.987   -0.862    0.712
 1   -1.137   -0.440   -0.467   -1.205    1.023    1.223   -0.894    1.004   -0.865    0.928
 1   -1.219   -0.657   -0.814   -1.379    1.050    1.163   -0.921    1.270   -0.894    1.438
 3    0.124    0.105   -0.691    0.659   -1.417   -1.140    2.304   -0.850    2.619   -0.806
 3    0.245    0.241   -0.071    0.553   -1.417   -1.140    1.098   -0.850    1.257   -0.806
 3    0.252    0.023   -0.127    0.557   -1.417   -1.140    1.138   -0.850    1.257   -0.806
 3    0.145    0.079   -0.645    0.663   -1.417   -1.140    2.035   -0.850    2.277   -0.806
 1   -1.256   -0.522   -0.258   -1.481    1.161    1.262   -0.895    1.347   -0.867    1.329
 3    0.047   -0.909   -0.407    0.723   -1.417   -1.140    1.668   -0.850    2.016   -0.806
 1   -1.239   -0.675   -0.586   -1.352    1.176    1.241   -0.893    1.442   -0.859    1.501
 3    0.123   -0.610   -0.586    0.683   -1.417   -1.140    1.383   -0.850    1.557   -0.806
 1   -1.219   -0.609   -0.713   -1.421    1.034    1.221   -0.899    1.233   -0.855    1.253
 3    0.144   -0.581   -0.733    0.681   -1.417   -1.140    1.877   -0.850    1.910   -0.806
 1   -1.313   -0.795    0.450   -1.398    1.167    1.301   -0.918    1.489   -0.875    1.484
 1   -1.291   -0.841   -0.652   -1.346    1.185    1.324   -0.884    1.262   -0.840    1.383
 3    0.132   -0.998   -0.830    0.670   -1.417   -1.140    1.825   -0.850    1.901   -0.806
 1   -1.321   -0.796    0.115   -1.393    1.073    1.237   -0.936    1.416   -0.880    1.424
 1   -1.327   -0.771   -0.763   -1.452    1.055    1.234   -0.921    1.317   -0.853    1.495
 3    0.095   -0.970   -0.934    0.625   -1.417   -1.140    1.738   -0.850    1.843   -0.806
 1   -1.304   -0.690   -0.146   -1.445    1.174    1.341   -0.899    1.489   -0.861    1.496
 3    0.049   -0.764   -0.863    0.560   -1.417   -1.140    1.903   -0.850    2.100   -0.806
 1   -1.274   -0.613   -0.624   -1.424    1.048    1.235   -0.914    1.377   -0.869    1.593
 3   -0.015   -0.641   -0.773    0.497   -1.417   -1.140    1.733   -0.850    2.058   -0.806
 3   -0.091   -0.636   -0.755    0.431   -1.417   -1.140    2.174   -0.850    2.655   -0.806
 3   -0.156   -0.704   -0.868    0.387   -1.417   -1.140    2.418   -0.850    3.033   -0.806
 1   -1.309   -0.614   -0.294   -1.163    1.225    1.376   -0.879    1.635   -0.826    1.624
 1   -1.218   -0.576   -0.507   -1.124    1.171    1.310   -0.864    1.550   -0.831    1.540
 3   -0.215   -0.595   -0.511    0.407   -1.417   -1.140    1.925   -0.850    2.531   -0.806
 3   -0.247   -0.538   -0.443    0.449   -1.417   -1.140    4.126   -0.850    4.732   -0.806
 1   -1.291   -0.440   -0.476   -0.978    1.244    1.394   -0.880    1.597   -0.838    1.636
 3   -0.260   -0.259   -0.706    0.463   -1.417   -1.140    3.975   -0.850    4.607   -0.806
 3   -0.199   -0.723   -0.580    0.434   -1.417   -1.140    2.267   -0.850    2.561   -0.806
 3   -0.100   -0.808   -0.692    0.512   -1.417   -1.140    2.594   -0.850    2.547   -0.806
 3   -0.053   -0.741   -0.798    0.509   -1.417   -1.140    2.287   -0.850    2.243   -0.806
 3   -0.003   -0.656   -0.769    0.524   -1.417   -1.140    1.771   -0.850    1.767   -0.806
 2    0.217    0.367    0.292    0.672    0.363    0.111    0.072   -0.751   -0.007   -0.689
 2    0.019    0.556    0.052    0.639    0.517    0.197    0.228   -0.776    0.348   -0.684
 2   -0.413   -0.376    0.078    0.002    0.337    0.224   -0.003   -0.714    0.512   -0.590
 2   -0.008    0.796    0.806    0.185    0.235   -0.022   -0.170   -0.850   -0.033   -0.806
 2    0.199   -0.119   -0.232    0.348    0.258    0.140   -0.069   -0.677   -0.098   -0.672
 2    0.402   -0.519   -0.223    0.648   -0.174   -0.467    0.418   -0.457    0.412   -0.623
 2   -0.104   -0.732    0.048    0.248    0.514    0.318    0.012   -0.522    0.102   -0.632
 2    0.466   -0.530   -0.509    0.733   -0.192   -0.542    0.643   -0.559    0.563   -0.603
 2   -0.069   -0.792    0.260    0.317    0.279    0.226   -0.112   -0.547    0.005   -0.625
 2    0.481   -0.606   -0.725    0.725   -0.264   -0.688    0.786   -0.724    0.653   -0.681
 2   -0.073   -0.924    0.432    0.345    0.569    0.428    0.078   -0.446    0.169   -0.515
 2    0.457   -0.770   -0.695    0.718   -0.349   -0.692    0.576   -0.763    0.517   -0.777
 2   -0.125    0.036    0.316    0.360    0.344    0.247   -0.141   -0.426    0.025   -0.444
 2   -0.205   -0.114   -0.039    0.344    0.715    0.499    0.050   -0.373    0.243   -0.331
 2   -0.304    0.078   -0.469    0.266    0.596    0.500   -0.019   -0.383    0.270   -0.341
 2   -0.363    0.047   -0.299    0.154    0.702    0.609    0.034   -0.352    0.337   -0.309
 2   -0.324   -0.098   -0.186    0.058    0.510    0.450   -0.108   -0.397    0.243   -0.355
 2    0.309   -0.367   -0.418    0.819   -0.054   -0.217    0.498   -0.738    0.499   -0.722
 2   -0.234   -0.352    0.318    0.008    0.593    0.451   -0.083   -0.513    0.173   -0.425
 2    0.221   -0.587   -0.569    0.779    0.059   -0.123    0.525   -0.588    0.573   -0.603
 2   -0.171    0.831    0.320   -0.008    0.319    0.186   -0.283   -0.513   -0.063   -0.526
 2    0.196   -0.533   -0.821    0.717    0.050   -0.178    0.590   -0.457    0.633   -0.505
 2   -0.128    0.713   -0.122    0.037    0.387    0.268   -0.135   -0.406    0.053   -0.484
 2    0.238   -0.193   -0.779    0.610    0.027   -0.213    0.509   -0.355    0.550   -0.370
 2   -0.148   -0.092    0.014    0.130    0.373    0.318   -0.101   -0.479    0.158   -0.523
 2    0.319   -0.482   -0.389    0.526   -0.089   -0.360    0.343   -0.300    0.350   -0.414
 2   -0.233    0.439    0.216    0.154    0.607    0.527    0.105   -0.419    0.403   -0.452
 2    0.377   -0.262   -0.413    0.530   -0.107   -0.308    0.235   -0.183    0.198   -0.331
 2   -0.254   -0.091    0.335    0.114    0.472    0.359   -0.135   -0.423    0.215   -0.493
 2    0.386   -0.578   -0.492    0.557    0.014   -0.232    0.341   -0.162    0.243   -0.169
 2   -0.188   -0.324    0.658    0.100    0.642    0.428   -0.025   -0.198    0.219   -0.313
 2    0.381   -0.475   -0.450    0.511   -0.021   -0.214    0.221   -0.272    0.155   -0.276
 2   -0.105    0.460    0.707    0.148    0.279    0.186   -0.250   -0.270   -0.024   -0.395
 2    0.439   -0.125   -0.265    0.433    0.004   -0.238    0.221   -0.364    0.144   -0.483
 2   -0.024   -0.058    0.285    0.239    0.390    0.326   -0.037   -0.250    0.097   -0.352
 2    0.551   -0.234   -0.213    0.408   -0.134   -0.398    0.116   -0.425    0.049   -0.531
 2    0.010   -0.684   -0.601    0.339    0.324    0.256   -0.007   -0.361    0.110   -0.446
 2    0.629   -0.095   -0.557    0.407   -0.088   -0.398    0.158   -0.382    0.066   -0.531
 2   -0.006   -0.715   -0.666    0.392    0.373    0.318    0.031   -0.369    0.144   -0.436
 1   -1.225   -0.803   -0.561   -1.311    1.113    1.232   -0.920    1.569   -0.874    1.632
 2   -0.016   -0.116    0.080    0.396    0.302    0.228   -0.006   -0.391    0.147   -0.436
 1   -1.293   -0.306   -0.798   -1.094    1.009    1.245   -0.948    1.539   -0.857    1.541
 2    0.025    0.650    0.288    0.386    0.458    0.401    0.173   -0.350    0.258   -0.402
 2    0.125   -0.177    0.217    0.351    0.257    0.185   -0.059   -0.406    0.015   -0.404
 2    0.217   -0.205   -0.364    0.279    0.279    0.206   -0.062   -0.457   -0.078   -0.433
 2   -0.169    0.406   -0.225    0.364    0.202    0.144    0.464   -0.492    0.860   -0.378
 1   -1.238   -0.691   -0.620   -1.524    1.068    1.165   -0.916    1.424   -0.884    1.469
 2    0.282   -0.175   -0.473    0.192    0.170    0.045   -0.187   -0.432   -0.196   -0.406
 2   -0.031   -0.174   -0.284    0.385    0.027    0.056    0.266   -0.559    0.494   -0.458
 1   -1.263   -0.964   -0.614   -1.077    1.160    1.347   -0.881    1.382   -0.868    1.345
 2    0.314   -0.166   -0.650    0.151    0.188    0.062   -0.149   -0.465   -0.212   -0.456
 2    0.045    1.060    1.047    0.203    0.165   -0.064    0.283   -0.457    0.375   -0.623
 2    0.313   -0.067    0.054    0.157    0.223    0.071   -0.137   -0.405   -0.190   -0.414
 2    0.092    1.469    1.369    0.010    0.118   -0.136    0.012   -0.595    0.100   -0.615
 2    0.321    0.063    0.629    0.117    0.394    0.236   -0.050   -0.332   -0.167   -0.361
 2    0.062    0.294    0.948   -0.384    0.361   -0.018   -0.140   -0.562    0.009   -0.596
 1   -1.108   -0.496   -0.235   -0.920    1.055    1.128   -0.918    1.449   -0.870    1.475
 2    0.364   -0.671    0.791    0.017    0.071    0.018   -0.309   -0.420   -0.340   -0.436
 1   -1.130   -0.429   -0.372   -0.919    1.126    1.361   -0.857    1.624   -0.853    1.702
 2   -0.485    0.462   -0.092    0.119    0.800    0.764   -0.291   -0.447   -0.007   -0.565
 2   -0.419   -0.139   -0.316    0.223    0.908    0.843   -0.155   -0.446    0.133   -0.582
 2   -0.290   -0.164   -0.586    0.283    0.553    0.522   -0.079   -0.387    0.152   -0.530
 2   -0.181   -0.092   -0.389    0.226    0.443    0.396    0.061   -0.292    0.311   -0.503
 2    0.426   -0.438   -0.123    0.411    0.246    0.226   -0.206   -0.290   -0.284   -0.384
 2   -0.108   -0.217   -0.211    0.172    0.335    0.232    0.124   -0.273    0.367   -0.493
 2   -0.026   -0.568   -0.115    0.183    0.125    0.083   -0.012   -0.326    0.217   -0.521
 2    0.015   -0.173   -0.018    0.548    0.440    0.301   -0.100   -0.307   -0.006   -0.283
 2    0.092   -0.180   -0.201    0.213    0.169    0.110    0.193   -0.368    0.327   -0.553
 2    0.183   -0.376    0.618    0.401    0.349    0.239   -0.203   -0.408   -0.147   -0.381
 1   -1.220   -0.059   -0.018   -1.211    1.092    1.275   -0.898    1.565   -0.871    1.591
 1   -1.032   -0.514   -0.467   -0.972    1.052    1.301   -0.862    1.515   -0.848    1.522
 2    0.412   -0.299    0.815    0.044    0.217    0.108   -0.311   -0.435   -0.309   -0.407
 2   -0.067    0.087   -0.508    0.468    0.426    0.369    0.502   -0.645    0.790   -0.602
 2   -0.014    0.925    0.707    0.384    0.220    0.113    0.254   -0.687    0.379   -0.671
 2    0.213    1.817    2.080    0.648    0.315    0.176   -0.068   -0.320   -0.165   -0.295
 2    0.180    1.065    1.226    0.383    0.157   -0.033    0.136   -0.603    0.116   -0.694
 2    0.229    1.449    1.629    0.226    0.302    0.104    0.128   -0.531    0.076   -0.658
 2    0.359    1.133    0.682   -0.065    0.031   -0.114   -0.207   -0.621   -0.212   -0.692
 2   -0.035    1.123    1.175    0.302    0.573    0.439   -0.157   -0.218   -0.141   -0.226
 2    0.077   -0.088    1.287    1.139   -0.192   -1.005    1.313   -0.850    1.666   -0.806
 2    0.246    0.184   -0.008   -0.048    0.322    0.187   -0.364   -0.330   -0.402   -0.407
 2   -0.272   -0.187    0.922    0.609   -0.400   -1.140    1.051   -0.850    2.297   -0.806
 2    0.079    0.037   -0.408    0.236   -0.176   -0.362    0.199   -0.738    0.450   -0.610
 2    0.193    0.607    0.431    0.210   -0.115   -0.391    0.409   -0.794    0.472   -0.694
 2    0.181    0.292    0.878    0.023    0.157    0.096   -0.296   -0.336   -0.216   -0.486
 2   -0.133    0.507    1.917    0.748   -0.823   -1.140    2.446   -0.850    4.054   -0.806
 2    0.445    0.220   -0.042    0.219   -0.092   -0.333    0.264   -0.751    0.258   -0.659
 2    0.797    0.877    2.888    1.035   -0.405   -0.958    0.638   -0.850    0.448   -0.806
 2    0.079    0.344    1.817    0.920   -0.795   -1.140    1.579   -0.850    2.256   -0.806
 2    0.210    0.204    2.119    0.976   -0.569   -1.039    1.592   -0.850    1.959   -0.806
 2    0.094    1.067    1.117    0.670    0.009   -0.149    0.906   -0.564    0.939   -0.628
 2   -0.336    0.298    0.541    0.825   -0.463   -1.140    3.231   -0.850    5.112   -0.806
 2   -0.362    0.461    0.962    0.194    0.531    0.518   -0.208   -0.319    0.154   -0.319
 2    0.408    2.102    2.308    0.197   -0.101   -0.375    0.076   -0.560    0.005   -0.621
 2   -0.076   -0.037    1.771    0.704   -0.993   -1.140    2.581   -0.850    3.754   -0.806
 2    0.227    2.022    2.010    0.774    0.279    0.178   -0.111   -0.336   -0.185   -0.358
 2   -0.227    0.752    0.748    0.687    0.448    0.613    0.072   -0.154    0.248   -0.089
 2    0.208    0.102    1.597    0.814   -0.834   -1.140    1.465   -0.850    1.889   -0.806
 2   -0.105    0.460   -0.110    0.547    0.416    0.431    0.073   -0.191    0.184   -0.128
 2    0.314    0.300    2.346    0.836   -0.769   -1.140    1.484   -0.850    1.764   -0.806
 2    0.510    2.063    2.251   -0.263   -0.145   -0.350   -0.179   -0.539   -0.280   -0.643
 2   -0.469    0.464    0.122    0.155    0.623    0.651   -0.082   -0.014    0.481    0.027
 2    0.327    0.127    0.027    0.682   -0.392   -0.972    0.782   -0.850    0.919   -0.806
 2    0.411    1.834    1.988    0.689    0.225   -0.182    0.462   -0.334    0.251   -0.488
 2    0.219    1.196    1.385    1.061    0.081   -0.064    0.516   -0.273    0.433   -0.336
 2   -0.375    1.097    0.786    0.563    0.800    0.412    0.312    0.269    0.772    0.250
 2    0.441   -0.079    0.142    0.862   -0.609   -1.102    1.198   -0.850    1.132   -0.806
 2    0.431    2.095    2.379    0.786    0.229   -0.119    0.407   -0.295    0.222   -0.391
 1   -1.208   -0.601   -0.433   -1.121    1.126    1.213   -0.923   -0.094   -0.857   -0.338
 2    0.417    0.190    0.448    0.956   -0.646   -1.103    1.029   -0.850    1.053   -0.806
 2   -0.029    1.530    1.708    0.979    0.162    0.057    0.363   -0.199    0.448   -0.428
 2    0.358    0.146    0.076    0.916   -0.527   -1.059    1.292   -0.810    1.369   -0.532
 2    0.212    1.320    1.591    0.726    0.196   -0.020    0.368   -0.089    0.331   -0.376
 1   -1.170   -0.265   -0.571   -1.406    1.068    1.153   -0.915    1.514   -0.853    1.488
 2    0.042    0.264    0.915    0.283    0.482    0.200   -0.281   -0.095   -0.281   -0.100
 2    0.411    1.863    1.431    1.574   -0.569   -1.140    1.445   -0.588    1.299   -0.059
 2    0.404    1.856    2.057    0.291   -0.047   -0.229    0.062   -0.205    0.012   -0.324
 2    0.157    0.441    2.269    0.983   -0.428   -0.916    1.275    0.198    1.680    0.763
 2   -0.028    1.240    1.071    0.653    0.279    0.206    0.499    0.100    0.820   -0.185
 1   -1.240   -0.763   -0.733   -1.357    1.126    1.295   -0.885    1.458   -0.843    1.566
 2    0.430    0.325    2.649    1.062   -0.311   -0.614    0.984    0.551    0.997    0.899
 2    0.212    2.329    2.143    0.288    0.224   -0.020    0.266   -0.114    0.387   -0.275
 1   -1.193   -0.687   -0.398   -1.397    1.100    1.245   -0.930    1.437   -0.865    1.476
 2   -0.104   -0.628    0.470    0.508    0.181    0.009    0.338   -0.215    0.662   -0.565
 2   -0.230    2.975    1.990   -0.862    0.496    0.423   -0.712   -0.064   -0.641   -0.243
 2   -0.414    0.272    0.421    0.819   -0.030    0.108    1.995    4.724    3.232    4.970
 1   -1.236   -0.529   -0.687   -1.328    1.052    1.205   -0.923    1.204   -0.857    1.226
 1   -1.316   -0.446   -0.847   -1.045    1.167    1.410   -0.889    1.458   -0.831    1.535
 2   -0.236   -0.187    1.622    0.873    0.100    0.390    0.743    3.122    1.421    2.745
 2    0.233   -0.235    0.857   -0.472    0.184   -0.315   -0.255   -0.396   -0.130   -0.475
 1   -1.312   -0.688   -0.718   -1.148    1.102    1.194   -0.938    1.429   -0.864    1.297
 2   -0.538   -0.212   -0.161    0.515    0.412    0.942    0.469    2.915    1.395    2.084
 2    0.017    1.211    1.336    0.202    0.252    0.046    0.059   -0.285    0.301   -0.438
 1   -1.221   -0.684   -0.703   -1.412    1.076    1.210   -0.913    1.351   -0.873    1.361
 1   -1.260    0.144   -0.514   -1.324    1.101    1.234   -0.911    1.321   -0.862    1.366
 2    0.307    1.412    1.553   -0.318    0.173   -0.013   -0.264   -0.260   -0.241   -0.447
 1   -1.292   -0.631   -0.580   -1.045    1.178    1.424   -0.884    1.250   -0.844    1.098
 1   -1.225   -0.748   -0.560   -1.327    1.107    1.264   -0.901    1.319   -0.861    1.370
 2   -0.086    1.616    1.793    0.165    0.763    0.451    0.000   -0.356    0.055   -0.582
 1   -1.236   -0.170   -0.193   -1.045    1.159    1.377   -0.882    1.663   -0.868    1.683
 2   -0.501    1.775    1.271   -0.026    0.546    0.517   -0.304   -0.395   -0.097   -0.579
 1   -1.225   -0.282   -0.431   -1.274    1.077    1.258   -0.895    1.233   -0.872    0.980
 3    0.902    0.645    0.564   -0.426   -0.707   -1.140   -0.129   -0.850   -0.090   -0.806
 3    0.491    0.180    0.673    0.752   -1.147   -1.140    0.814   -0.850    0.979   -0.806
 2   -0.429    2.149   -0.652   -0.261    0.444    0.514   -0.399    0.070   -0.119   -0.060
 2   -0.330    2.107    1.218   -0.254    0.300    0.164   -0.448   -0.547   -0.039   -0.565
 1   -1.211   -0.749   -0.577   -0.971    1.077    1.137   -0.941    1.424   -0.948    1.367
 3    0.768    1.622    1.634    1.897   -1.417   -1.140    1.815   -0.850    1.479   -0.806
 2   -0.187    1.254    0.655   -0.025    0.127    0.042   -0.003   -0.850    0.352   -0.806
 1   -1.186   -0.722   -0.838   -1.071    1.029    1.166   -0.940    0.773   -0.879    0.593
 3    1.196    3.079    3.263    0.850   -1.152   -1.140    0.560   -0.850    0.274   -0.806
 3    1.430    2.411    2.578    0.920   -1.002   -1.140   -0.086   -0.850   -0.188   -0.806
 3    1.235    3.250    3.409    1.135   -1.417   -1.140    0.582   -0.850    0.282   -0.806
 3    1.562   -0.535   -0.446    2.682   -1.417   -1.140    1.769   -0.850    1.019   -0.806
 3    1.529   -0.266   -0.794    2.686   -1.417   -1.140    2.129   -0.850    1.220   -0.806
 3    1.537   -0.546   -0.704    2.691   -1.417   -1.140    2.005   -0.850    1.067   -0.806
 3    1.578   -0.830   -0.822    2.631   -1.417   -1.140    1.721   -0.850    0.861   -0.806
 3    1.616   -0.850   -0.919    2.542   -1.417   -1.140    1.446   -0.850    0.703   -0.806
 3    1.728   -0.461   -0.536    2.561   -1.417   -1.140    1.528   -0.850    0.688   -0.806
 3    1.821   -0.431   -0.531    2.676   -1.417   -1.140    1.158   -0.850    0.418   -0.806
 3    1.895   -0.442   -0.794    2.795   -1.417   -1.140    1.330   -0.850    0.495   -0.806
 3    1.898   -0.787   -0.709    2.716   -1.417   -1.140    1.405   -0.850    0.605   -0.806
 3    1.839   -0.705   -0.630    2.443   -1.417   -1.140    0.951   -0.850    0.383   -0.806
 3    1.781   -0.593   -0.638    2.127   -1.417   -1.140    0.836   -0.850    0.336   -0.806
 3    1.767   -0.306   -0.846    1.876   -1.417   -1.140    0.679   -0.850    0.236   -0.806
 3    1.817   -0.516   -0.707    1.720   -1.417   -1.140    0.525   -0.850    0.113   -0.806
 3    1.900   -0.567   -0.729    1.622   -1.417   -1.140    0.249   -0.850   -0.087   -0.806
 3    2.002   -0.521   -0.729    1.526   -1.417   -1.140    0.050   -0.850   -0.246   -0.806
 3    1.997   -0.811   -0.754    1.505   -1.417   -1.140    0.080   -0.850   -0.210   -0.806
 3    1.969   -1.020   -0.979    1.491   -1.417   -1.140    0.092   -0.850   -0.167   -0.806
 3    1.938   -1.053   -0.972    1.489   -1.417   -1.140    0.114   -0.850   -0.141   -0.806
 3    1.915   -1.054   -0.956    1.598   -1.417   -1.140    0.156   -0.850   -0.113   -0.806
 3    1.916   -0.916   -0.788    1.683   -1.417   -1.140    0.186   -0.850   -0.096   -0.806
 3    1.630    5.179    3.058    1.591   -1.417   -1.140    0.246   -0.850   -0.034   -0.806
 3    1.105    2.781    1.340    2.021   -1.228   -1.140    0.978   -0.850    0.596   -0.806
 3    1.897    1.004   -0.472    1.258   -1.417   -1.140   -0.100   -0.850   -0.338   -0.806
 3    0.575    0.058    0.594    0.754   -1.281   -1.140    0.605   -0.850    0.623   -0.806
 3    1.951   -0.424   -0.544    0.994   -1.075   -1.140   -0.174   -0.850   -0.333   -0.806
 3    1.925    0.098   -0.735    0.815   -1.007   -1.140   -0.274   -0.850   -0.422   -0.806
 3    1.923   -0.542   -0.591    0.756   -0.993   -1.140   -0.222   -0.850   -0.408   -0.806
 3    1.933   -0.836   -0.819    0.792   -1.030   -1.140   -0.142   -0.850   -0.377   -0.806
 3    1.944   -0.705   -0.288    0.941   -1.001   -1.140   -0.118   -0.850   -0.345   -0.806
 3    1.957    0.209   -0.301    1.012   -1.042   -1.140   -0.271   -0.850   -0.425   -0.806
 3    2.016   -0.548   -0.663    1.369   -1.230   -1.140    0.035   -0.850   -0.261   -0.806
 3    2.038   -0.153   -0.786    1.663   -1.359   -1.140    0.295   -0.850   -0.136   -0.806
 3    2.022    0.495   -0.519    2.245   -1.417   -1.140    0.507   -0.850   -0.007   -0.806
 3    1.925    0.511   -0.343    2.636   -1.417   -1.140    0.970   -0.850    0.305   -0.806
 3    0.727    0.651    0.625   -0.446   -0.969   -1.140    0.050   -0.850    0.102   -0.806
 3    0.703    0.947    1.729   -0.059   -1.018   -1.140   -0.012   -0.850    0.196   -0.806
 3    0.622    1.504    1.571    0.299   -1.247   -1.140    0.139   -0.850    0.371   -0.806
 3    0.646   -0.333   -0.398    0.701   -1.417   -1.140    0.950   -0.850    1.126   -0.806
 3    0.693   -0.701   -0.927    0.680   -1.417   -1.140    0.865   -0.850    1.036   -0.806
 3    0.742   -0.509   -0.941    0.567   -1.417   -1.140    0.587   -0.850    0.763   -0.806
 3    0.870   -0.203   -0.662    0.346   -1.417   -1.140    0.068   -0.850    0.200   -0.806
 3    0.889   -0.316   -0.774    0.327   -1.417   -1.140    0.074   -0.850    0.178   -0.806
 3    0.851   -0.811   -0.808    0.451   -1.417   -1.140    0.417   -0.850    0.490   -0.806
 3    0.832   -0.888   -0.834    0.474   -1.417   -1.140    0.417   -0.850    0.512   -0.806
 3    0.832   -0.800   -0.818    0.319   -1.417   -1.140    0.214   -0.850    0.339   -0.806
 3    0.868   -0.798   -0.558    0.273   -1.417   -1.140    0.193   -0.850    0.251   -0.806
 3    0.915   -0.753   -0.418    0.302   -1.417   -1.140    0.065   -0.850    0.094   -0.806
 3    1.039   -0.836   -0.866    0.516   -1.417   -1.140    0.091   -0.850    0.094   -0.806
 3    1.076   -0.977   -0.915    0.558   -1.417   -1.140    0.187   -0.850    0.163   -0.806
