3 4 150
 1   -0.898    1.016   -1.336   -1.311
 1   -1.139   -0.132   -1.336   -1.311
 1   -1.381    0.327   -1.392   -1.311
 1   -1.501    0.098   -1.279   -1.311
 1   -1.018    1.245   -1.336   -1.311
 1   -0.535    1.933   -1.166   -1.049
 1   -1.501    0.786   -1.336   -1.180
 1   -1.018    0.786   -1.279   -1.311
 1   -1.743   -0.361   -1.336   -1.311
 1   -1.139    0.098   -1.279   -1.442
 1   -0.535    1.474   -1.279   -1.311
 1   -1.260    0.786   -1.222   -1.311
 1   -1.260   -0.132   -1.336   -1.442
 1   -1.864   -0.132   -1.506   -1.442
 1   -0.052    2.163   -1.449   -1.311
 1   -0.173    3.080   -1.279   -1.049
 1   -0.535    1.933   -1.392   -1.049
 1   -0.898    1.016   -1.336   -1.180
 1   -0.173    1.704   -1.166   -1.180
 1   -0.898    1.704   -1.279   -1.180
 1   -0.535    0.786   -1.166   -1.311
 1   -0.898    1.474   -1.279   -1.049
 1   -1.501    1.245   -1.562   -1.311
 1   -0.898    0.557   -1.166   -0.917
 1   -1.260    0.786   -1.053   -1.311
 1   -1.018   -0.132   -1.222   -1.311
 1   -1.018    0.786   -1.222   -1.049
 1   -0.777    1.016   -1.279   -1.311
 1   -0.777    0.786   -1.336   -1.311
 1   -1.381    0.327   -1.222   -1.311
 1   -1.260    0.098   -1.222   -1.311
 1   -0.535    0.786   -1.279   -1.049
 1   -0.777    2.392   -1.279   -1.442
 1   -0.415    2.622   -1.336   -1.311
 1   -1.139    0.098   -1.279   -1.311
 1   -1.018    0.327   -1.449   -1.311
 1   -0.415    1.016   -1.392   -1.311
 1   -1.139    1.245   -1.336   -1.442
 1   -1.743   -0.132   -1.392   -1.311
 1   -0.898    0.786   -1.279   -1.311
 1   -1.018    1.016   -1.392   -1.180
 1   -1.622   -1.738   -1.392   -1.180
 1   -1.743    0.327   -1.392   -1.311
 1   -1.018    1.016   -1.222   -0.786
 1   -0.898    1.704   -1.053   -1.049
 1   -1.260   -0.132   -1.336   -1.180
 1   -0.898    1.704   -1.222   -1.311
 1   -1.501    0.327   -1.336   -1.311
 1   -0.656    1.474   -1.279   -1.311
 1   -1.018    0.557   -1.336   -1.311
 2    1.397    0.327    0.534    0.263
 2    0.672    0.327    0.420    0.394
 2    1.276    0.098    0.647    0.394
 2   -0.415   -1.738    0.137    0.132
 2    0.793   -0.590    0.477    0.394
 2   -0.173   -0.590    0.420    0.132
 2    0.551    0.557    0.534    0.526
 2   -1.139   -1.508   -0.259   -0.262
 2    0.914   -0.361    0.477    0.132
 2   -0.777   -0.820    0.080    0.263
 2   -1.018   -2.426   -0.146   -0.262
 2    0.068   -0.132    0.250    0.394
 2    0.189   -1.967    0.137   -0.262
 2    0.310   -0.361    0.534    0.263
 2   -0.294   -0.361   -0.090    0.132
 2    1.035    0.098    0.364    0.263
 2   -0.294   -0.132    0.420    0.394
 2   -0.052   -0.820    0.194   -0.262
 2    0.431   -1.967    0.420    0.394
 2   -0.294   -1.279    0.080   -0.130
 2    0.068    0.327    0.590    0.788
 2    0.310   -0.590    0.137    0.132
 2    0.551   -1.279    0.647    0.394
 2    0.310   -0.590    0.534    0.001
 2    0.672   -0.361    0.307    0.132
 2    0.914   -0.132    0.364    0.263
 2    1.155   -0.590    0.590    0.263
 2    1.035   -0.132    0.704    0.657
 2    0.189   -0.361    0.420    0.394
 2   -0.173   -1.049   -0.146   -0.262
 2   -0.415   -1.508    0.024   -0.130
 2   -0.415   -1.508   -0.033   -0.262
 2   -0.052   -0.820    0.080    0.001
 2    0.189   -0.820    0.760    0.526
 2   -0.535   -0.132    0.420    0.394
 2    0.189    0.786    0.420    0.526
 2    1.035    0.098    0.534    0.394
 2    0.551   -1.738    0.364    0.132
 2   -0.294   -0.132    0.194    0.132
 2   -0.415   -1.279    0.137    0.132
 2   -0.415   -1.049    0.364    0.001
 2    0.310   -0.132    0.477    0.263
 2   -0.052   -1.049    0.137    0.001
 2   -1.018   -1.738   -0.259   -0.262
 2   -0.294   -0.820    0.250    0.132
 2   -0.173   -0.132    0.250    0.001
 2   -0.173   -0.361    0.250    0.132
 2    0.431   -0.361    0.307    0.132
 2   -0.898   -1.279   -0.429   -0.130
 2   -0.173   -0.590    0.194    0.132
 3    0.551    0.557    1.270    1.706
 3   -0.052   -0.820    0.760    0.919
 3    1.518   -0.132    1.213    1.182
 3    0.551   -0.361    1.043    0.788
 3    0.793   -0.132    1.157    1.313
 3    2.121   -0.132    1.610    1.182
 3   -1.139   -1.279    0.420    0.657
 3    1.759   -0.361    1.440    0.788
 3    1.035   -1.279    1.157    0.788
 3    1.638    1.245    1.327    1.706
 3    0.793    0.327    0.760    1.050
 3    0.672   -0.820    0.874    0.919
 3    1.155   -0.132    0.987    1.182
 3   -0.173   -1.279    0.704    1.050
 3   -0.052   -0.590    0.760    1.575
 3    0.672    0.327    0.874    1.444
 3    0.793   -0.132    0.987    0.788
 3    2.242    1.704    1.667    1.313
 3    2.242   -1.049    1.780    1.444
 3    0.189   -1.967    0.704    0.394
 3    1.276    0.327    1.100    1.444
 3   -0.294   -0.590    0.647    1.050
 3    2.242   -0.590    1.667    1.050
 3    0.551   -0.820    0.647    0.788
 3    1.035    0.557    1.100    1.182
 3    1.638    0.327    1.270    0.788
 3    0.431   -0.590    0.590    0.788
 3    0.310   -0.132    0.647    0.788
 3    0.672   -0.590    1.043    1.182
 3    1.638   -0.132    1.157    0.526
 3    1.880   -0.590    1.327    0.919
 3    2.484    1.704    1.497    1.050
 3    0.672   -0.590    1.043    1.313
 3    0.551   -0.590    0.760    0.394
 3    0.310   -1.049    1.043    0.263
 3    2.242   -0.132    1.327    1.444
 3    0.551    0.786    1.043    1.575
 3    0.672    0.098    0.987    0.788
 3    0.189   -0.132    0.590    0.788
 3    1.276    0.098    0.930    1.182
 3    1.035    0.098    1.043    1.575
 3    1.276    0.098    0.760    1.444
 3   -0.052   -0.820    0.760    0.919
 3    1.155    0.327    1.213    1.444
 3    1.035    0.557    1.100    1.706
 3    1.035   -0.132    0.817    1.444
 3    0.551   -1.279    0.704    0.919
 3    0.793   -0.132    0.817    1.050
 3    0.431    0.786    0.930    1.444
 3    0.068   -0.132    0.760    0.788
